x	Case Lock Failures	Case Closed Exceptions	FRM-C Timeouts	FRM-C Responses
0	0	0	0	0
00:00	10	35	10	570
00:00	1	13	0	421
00:01	0	7	0	398
00:02	0	5	0	382
00:03	2	3	0	379
00:04	2	8	1	342
00:05	6	13	0	435
00:06	3	8	0	426
00:07	2	5	0	367
00:08	2	8	0	462
00:09	1	13	0	438
00:10	0	11	0	452
00:11	0	6	0	398
00:12	3	6	0	396
00:13	4	5	0	423
00:14	5	5	0	440
00:15	6	8	0	367
00:16	5	10	0	368
00:17	2	10	1	344
00:18	2	10	0	395
00:19	1	9	0	362
00:20	2	10	1	371
00:21	5	8	0	366
00:22	5	8	0	439
00:23	3	10	0	404
00:24	3	7	1	297
00:25	1	7	0	456
00:26	1	5	0	437
00:27	3	6	0	421
00:28	5	10	0	452
00:29	0	12	0	398
00:30	4	18	0	434
00:31	2	13	0	414
00:32	1	11	0	427
00:33	2	19	0	387
00:34	4	21	0	346
00:35	6	24	1	416
00:36	1	12	0	428
00:37	1	4	0	319
00:38	0	4	2	407
00:39	0	6	0	433
00:40	0	5	0	414
00:41	1	5	0	393
00:42	1	14	0	417
00:43	1	16	0	428
00:44	1	19	0	431
00:45	3	16	0	387
00:46	1	13	0	361
00:47	1	12	1	364
00:48	3	13	0	435
00:49	0	16	0	426
00:50	0	7	0	415
00:51	1	7	0	348
00:52	1	8	0	333
00:53	2	7	1	378
00:54	4	5	0	415
00:55	3	5	0	406
00:56	3	15	0	441
00:57	1	13	0	350
00:58	0	10	0	377
00:59	0	5	0	395
01:00	4	7	0	406
01:01	2	13	0	421
01:02	2	16	0	446
01:03	0	9	0	407
01:04	1	3	0	397
01:05	3	7	0	404
01:06	2	16	0	481
01:07	4	13	0	403
01:08	3	6	0	401
01:09	3	3	0	388
01:10	4	8	0	426
01:11	4	7	0	342
01:12	0	12	1	383
01:13	1	10	0	364
01:14	0	9	0	403
01:15	2	9	0	381
01:16	4	11	0	427
01:17	0	12	0	459
01:18	0	10	0	388
01:19	2	7	0	377
01:20	4	10	0	388
01:21	3	13	0	404
01:22	1	8	0	408
01:23	1	9	0	396
01:24	2	7	0	415
01:25	4	7	0	384
01:26	5	5	0	411
01:27	5	2	0	399
01:28	3	3	0	397
01:29	3	5	0	402
01:30	4	10	0	429
01:31	3	17	0	438
01:32	2	14	0	413
01:33	2	9	0	393
01:34	4	7	0	438
01:35	3	9	0	381
01:36	1	9	0	373
01:37	2	8	0	405
01:38	3	7	0	395
01:39	4	10	0	403
01:40	3	9	0	393
01:41	2	6	0	378
01:42	2	6	1	391
01:43	1	6	0	403
01:44	4	7	0	436
01:45	2	7	0	427
01:46	0	4	0	409
01:47	3	4	0	419
01:48	2	7	0	399
01:49	2	8	0	426
01:50	3	10	0	415
01:51	2	12	0	369
01:52	0	14	1	369
01:53	0	9	0	435
01:54	0	13	0	401
01:55	1	12	0	427
01:56	3	8	0	436
01:57	1	7	0	398
01:58	4	4	0	338
01:59	4	5	0	392
02:00	1	9	0	333
02:01	0	11	1	373
02:02	0	10	0	420
02:03	1	11	0	427
02:04	1	10	0	414
02:05	0	8	0	372
02:06	0	5	0	374
02:07	0	4	0	384
02:08	2	5	1	381
02:09	3	7	0	413
02:10	5	4	0	427
02:11	2	1	0	390
02:12	3	2	0	405
02:13	3	4	1	398
02:14	2	6	0	349
02:15	0	6	0	389
02:16	0	3	0	420
02:17	0	3	0	338
02:18	2	5	0	440
02:19	2	6	0	428
02:20	0	11	0	386
02:21	0	12	0	358
02:22	0	7	0	375
02:23	2	4	0	374
02:24	2	3	0	368
02:25	0	7	0	367
02:26	1	10	0	440
02:27	1	7	0	411
02:28	0	8	0	404
02:29	0	3	0	376
02:30	1	3	0	345
02:31	0	10	0	412
02:32	1	9	0	402
02:33	1	5	0	413
02:34	1	3	0	415
02:35	1	2	0	390
02:36	2	2	0	384
02:37	2	5	0	383
02:38	1	8	0	374
02:39	1	5	0	385
02:40	1	5	0	394
02:41	0	2	0	370
02:42	1	2	0	363
02:43	0	0	0	407
02:44	0	0	0	388
02:45	0	1	0	366
02:46	0	5	0	360
02:47	0	6	0	402
02:48	0	5	0	376
02:49	0	7	0	383
02:50	1	11	0	396
02:51	3	8	0	398
02:52	3	5	0	416
02:53	1	3	0	395
02:54	1	2	0	400
02:55	5	2	0	343
02:56	1	1	0	401
02:57	0	2	0	365
02:58	0	6	0	380
02:59	3	7	0	410
03:00	2	5	0	375
03:01	1	4	0	333
03:02	1	0	0	403
03:03	0	2	0	358
03:04	0	2	0	364
03:05	0	3	0	452
03:06	0	2	0	380
03:07	0	1	0	384
03:08	0	0	0	354
03:09	0	0	0	380
03:10	1	1	0	377
03:11	0	2	0	347
03:12	0	1	0	359
03:13	1	0	0	446
03:14	0	2	0	373
03:15	0	2	0	371
03:16	0	0	0	375
03:17	0	0	0	384
03:18	0	2	0	386
03:19	0	4	0	376
03:20	1	6	0	378
03:21	1	6	0	377
03:22	0	4	0	330
03:23	0	5	0	424
03:24	0	4	0	382
03:25	1	4	0	295
03:26	1	2	0	432
03:27	3	1	0	388
03:28	0	3	0	413
03:29	0	2	0	353
03:30	0	2	1	356
03:31	1	3	0	344
03:32	0	6	0	332
03:33	0	7	0	437
03:34	0	11	0	344
03:35	1	6	1	372
03:36	1	7	0	351
03:37	2	10	0	420
03:38	0	8	0	371
03:39	0	4	0	381
03:40	1	2	0	348
03:41	0	3	0	379
03:42	0	2	0	365
03:43	2	1	0	406
03:44	0	4	0	391
03:45	1	4	0	415
03:46	0	2	0	350
03:47	0	1	0	347
03:48	0	0	0	380
03:49	0	0	0	395
03:50	0	0	0	384
03:51	1	1	0	400
03:52	0	4	0	317
03:53	0	3	0	318
03:54	0	1	0	396
03:55	0	0	0	377
03:56	1	2	0	378
03:57	2	7	0	400
03:58	1	9	0	403
03:59	1	10	0	377
04:00	1	7	0	365
04:01	0	8	0	409
04:02	0	4	0	402
04:03	0	2	0	389
04:04	0	0	0	349
04:05	0	1	0	376
04:06	0	3	0	382
04:07	1	4	0	398
04:08	1	2	0	346
04:09	0	0	0	405
04:10	0	2	0	393
04:11	0	2	0	399
04:12	0	1	0	374
04:13	3	1	0	338
04:14	3	2	0	374
04:15	3	3	0	375
04:16	1	3	0	385
04:17	1	2	0	344
04:18	1	4	0	355
04:19	1	3	0	376
04:20	0	2	0	360
04:21	0	2	0	395
04:22	0	2	0	377
04:23	0	1	0	368
04:24	0	0	0	410
04:25	2	2	0	405
04:26	0	2	0	372
04:27	0	1	0	353
04:28	0	1	0	364
04:29	0	2	0	372
04:30	0	2	0	386
04:31	0	0	0	373
04:32	1	0	0	379
04:33	0	0	0	353
04:34	2	2	0	322
04:35	0	4	0	395
04:36	1	2	0	387
04:37	2	2	0	365
04:38	0	2	0	370
04:39	0	4	0	299
04:40	0	4	0	427
04:41	0	4	0	380
04:42	0	4	0	398
04:43	0	3	0	379
04:44	0	1	0	376
04:45	0	0	0	344
04:46	0	0	0	427
04:47	0	0	0	413
04:48	0	0	0	375
04:49	0	0	0	397
04:50	0	0	0	394
04:51	1	0	0	395
04:52	0	2	0	367
04:53	0	2	0	390
04:54	0	0	0	386
04:55	0	0	0	392
04:56	0	0	0	380
04:57	0	0	0	369
04:58	0	0	0	405
04:59	1	0	0	402
05:00	0	2	0	356
05:01	1	3	0	371
05:02	3	4	0	370
05:03	1	6	0	337
05:04	0	4	0	357
05:05	0	3	1	288
05:06	0	2	0	346
05:07	0	1	0	342
05:08	0	0	0	353
05:09	1	1	0	292
05:10	0	2	1	333
05:11	0	1	0	380
05:12	0	0	0	375
05:13	0	0	0	381
05:14	0	0	0	330
05:15	2	0	0	386
05:16	2	0	0	382
05:17	3	0	0	380
05:18	2	0	0	355
05:19	3	3	0	372
05:20	2	4	0	378
05:21	2	4	0	363
05:22	0	2	0	402
05:23	2	4	0	380
05:24	0	2	0	380
05:25	1	3	0	344
05:26	1	3	0	385
05:27	0	3	0	356
05:28	0	2	0	360
05:29	0	3	0	361
05:30	1	3	0	379
05:31	3	3	0	365
05:32	3	2	0	397
05:33	1	3	0	385
05:34	0	4	0	375
05:35	0	4	0	382
05:36	0	4	0	410
05:37	0	0	0	403
05:38	0	0	0	334
05:39	0	0	0	385
05:40	0	0	0	327
05:41	1	0	0	391
05:42	2	0	0	321
05:43	0	0	0	344
05:44	0	0	0	351
05:45	2	0	0	407
05:46	0	2	0	364
05:47	0	1	0	340
05:48	0	0	0	366
05:49	0	0	0	376
05:50	2	0	0	385
05:51	1	1	0	342
05:52	1	1	0	347
05:53	0	0	0	426
05:54	0	0	0	344
05:55	0	0	0	348
05:56	0	2	0	386
05:57	0	2	0	378
05:58	0	3	0	366
05:59	0	2	0	373
06:00	0	1	0	386
06:01	0	0	0	373
06:02	0	0	0	383
06:03	0	0	0	361
06:04	0	0	0	330
06:05	0	0	0	358
06:06	0	0	0	352
06:07	0	0	0	365
06:08	1	0	0	373
06:09	1	1	0	379
06:10	0	2	0	366
06:11	0	0	0	377
06:12	0	0	0	385
06:13	0	0	0	385
06:14	0	0	0	336
06:15	2	0	0	338
06:16	2	0	0	389
06:17	3	0	0	408
06:18	3	0	0	358
06:19	3	1	0	384
06:20	2	0	0	385
06:21	0	0	0	359
06:22	0	0	0	379
06:23	0	0	0	353
06:24	0	0	0	368
06:25	0	2	0	372
06:26	1	2	0	401
06:27	0	1	0	383
06:28	0	0	0	372
06:29	0	0	0	344
06:30	1	0	0	375
06:31	2	0	0	391
06:32	1	1	0	349
06:33	0	0	0	384
06:34	0	0	0	402
06:35	0	0	0	364
06:36	0	0	0	385
06:37	0	0	0	366
06:38	0	0	0	382
06:39	0	0	0	338
06:40	0	0	0	398
06:41	0	0	0	414
06:42	0	0	0	392
06:43	0	0	0	402
06:44	0	0	0	378
06:45	0	0	0	393
06:46	0	1	0	356
06:47	0	2	0	379
06:48	0	2	0	385
06:49	2	0	0	390
06:50	1	1	0	330
06:51	0	1	0	396
06:52	0	0	0	385
06:53	0	0	0	388
06:54	0	0	0	370
06:55	0	0	0	357
06:56	0	0	0	358
06:57	0	1	0	358
06:58	0	2	0	362
06:59	0	3	0	369
07:00	0	4	0	390
07:01	0	4	0	386
07:02	0	3	0	359
07:03	0	4	0	382
07:04	0	5	0	390
07:05	0	3	0	375
07:06	0	1	0	352
07:07	0	0	0	384
07:08	0	0	0	381
07:09	0	0	0	386
07:10	0	2	0	383
07:11	0	2	0	402
07:12	0	1	0	375
07:13	0	0	0	407
07:14	0	0	0	383
07:15	0	0	0	359
07:16	0	0	0	313
07:17	0	0	0	327
07:18	0	2	1	392
07:19	0	2	0	363
07:20	0	1	0	390
07:21	2	1	0	362
07:22	2	2	0	372
07:23	1	3	0	423
07:24	0	0	0	323
07:25	0	0	0	330
07:26	0	0	1	334
07:27	0	0	0	341
07:28	0	0	1	341
07:29	0	1	0	334
07:30	0	2	1	371
07:31	0	2	0	415
07:32	0	0	0	347
07:33	0	0	0	369
07:34	0	0	0	359
07:35	0	0	0	365
07:36	0	0	0	389
07:37	0	0	0	378
07:38	0	0	0	392
07:39	0	0	0	361
07:40	0	0	0	380
07:41	0	0	0	392
07:42	0	0	0	374
07:43	0	0	0	320
07:44	0	0	0	373
07:45	0	0	0	340
07:46	0	0	0	376
07:47	0	0	0	367
07:48	0	0	0	378
07:49	0	0	0	373
07:50	0	0	0	347
07:51	0	0	0	422
07:52	0	0	0	320
07:53	0	0	0	362
07:54	0	0	0	387
07:55	0	0	0	372
07:56	2	0	0	392
07:57	0	0	0	390
07:58	0	0	0	352
07:59	0	0	0	374
08:00	1	1	0	391
08:01	0	2	0	317
08:02	0	1	0	391
08:03	0	0	0	360
08:04	0	0	0	368
08:05	0	0	0	356
08:06	0	0	0	381
08:07	0	0	0	415
08:08	0	0	0	385
08:09	0	0	0	362
08:10	0	0	0	370
08:11	0	0	0	393
08:12	0	0	0	373
08:13	0	0	0	394
08:14	0	0	0	379
08:15	0	0	0	382
08:16	0	0	0	345
08:17	0	0	0	360
08:18	0	0	0	370
08:19	0	0	0	390
08:20	0	0	0	389
08:21	0	0	0	367
08:22	0	0	0	367
08:23	0	0	0	378
08:24	0	0	0	380
08:25	0	0	0	362
08:26	0	0	0	368
08:27	0	0	0	393
08:28	0	0	0	354
08:29	0	0	0	372
08:30	0	0	0	380
08:31	0	0	0	408
08:32	0	0	0	370
08:33	0	0	0	362
08:34	0	0	0	377
08:35	0	0	0	373
08:36	0	0	0	385
08:37	0	0	0	360
08:38	0	0	0	345
08:39	0	0	0	376
08:40	0	0	0	372
08:41	0	0	0	380
08:42	0	0	0	350
08:43	0	0	0	391
08:44	1	0	0	398
08:45	0	0	0	389
08:46	0	0	0	379
08:47	0	0	0	341
08:48	0	0	0	392
08:49	0	0	0	357
08:50	0	0	0	364
08:51	0	2	0	358
08:52	0	2	0	357
08:53	0	1	0	337
08:54	0	0	0	398
08:55	0	0	0	365
08:56	0	0	0	362
08:57	0	0	0	348
08:58	0	0	0	386
08:59	2	0	0	381
09:00	0	2	0	365
09:01	0	1	0	344
09:02	0	0	0	352
09:03	0	0	0	367
09:04	0	0	0	358
09:05	0	2	0	370
09:06	0	2	0	349
09:07	0	3	0	371
09:08	0	2	0	362
09:09	0	1	0	384
09:10	2	0	0	344
09:11	0	2	0	373
09:12	0	1	0	337
09:13	0	0	0	343
09:14	0	0	0	347
09:15	0	0	0	327
09:16	0	0	0	402
09:17	0	0	0	345
09:18	0	0	0	368
09:19	0	0	0	379
09:20	0	0	0	342
09:21	0	0	0	384
09:22	0	0	0	381
09:23	0	0	0	386
09:24	0	2	0	381
09:25	0	2	0	372
09:26	0	3	0	346
09:27	0	2	0	372
09:28	1	1	0	389
09:29	0	2	0	371
09:30	0	2	0	366
09:31	0	0	0	372
09:32	0	0	0	363
09:33	0	0	0	382
09:34	1	0	0	307
09:35	1	3	0	404
09:36	0	4	0	402
09:37	0	3	0	379
09:38	0	2	0	379
09:39	0	2	0	359
09:40	0	2	0	375
09:41	0	2	0	355
09:42	0	0	0	382
09:43	0	1	0	371
09:44	0	4	0	355
09:45	0	4	0	352
09:46	0	3	0	306
09:47	0	2	0	320
09:48	0	1	0	414
09:49	0	0	0	359
09:50	0	0	0	359
09:51	0	0	0	328
09:52	0	0	0	319
09:53	0	0	1	369
09:54	2	0	0	334
09:55	2	0	0	358
09:56	0	1	0	358
09:57	0	1	0	378
09:58	0	2	0	342
09:59	0	2	0	354
10:00	0	0	0	359
10:01	0	0	0	378
10:02	0	0	0	355
10:03	0	0	0	386
10:04	0	0	0	340
10:05	2	0	0	361
10:06	0	2	0	384
10:07	0	1	0	373
10:08	0	0	0	385
10:09	2	2	0	360
10:10	2	2	0	353
10:11	1	1	0	332
10:12	0	0	0	370
10:13	0	0	0	370
10:14	0	0	0	391
10:15	0	0	0	382
10:16	0	0	0	410
10:17	0	0	0	345
10:18	0	0	0	347
10:19	0	0	1	363
10:20	0	0	0	377
10:21	0	0	0	332
10:22	0	0	0	388
10:23	0	0	0	376
10:24	0	0	0	360
10:25	0	0	0	373
10:26	0	0	0	349
10:27	0	0	0	356
10:28	2	0	0	374
10:29	0	2	0	401
10:30	0	1	0	366
10:31	0	1	0	356
10:32	0	2	0	383
10:33	0	2	0	374
10:34	0	0	0	378
10:35	0	0	0	330
10:36	2	0	0	383
10:37	1	1	0	383
10:38	0	2	0	388
10:39	0	0	0	401
10:40	0	0	0	368
10:41	0	2	0	358
10:42	0	4	0	375
10:43	0	4	0	364
10:44	0	0	0	375
10:45	2	1	0	339
10:46	0	4	0	391
10:47	0	3	0	356
10:48	0	0	0	382
10:49	0	0	0	398
10:50	0	0	0	367
10:51	0	0	0	378
10:52	0	0	0	369
10:53	0	0	0	389
10:54	0	0	0	340
10:55	0	0	0	339
10:56	0	0	0	381
10:57	0	0	0	376
10:58	0	0	0	387
10:59	0	0	0	381
11:00	0	0	0	397
11:01	0	0	0	383
11:02	0	0	0	357
11:03	0	0	0	379
11:04	0	0	0	345
11:05	0	0	0	394
11:06	0	0	0	337
11:07	0	0	0	321
11:08	0	0	0	383
11:09	2	0	0	396
11:10	2	0	0	376
11:11	1	0	0	353
11:12	0	0	0	371
11:13	0	0	0	368
11:14	0	0	0	377
11:15	0	0	0	374
11:16	1	1	0	393
11:17	0	2	0	365
11:18	0	1	0	382
11:19	0	0	0	412
11:20	0	0	0	375
11:21	0	0	0	344
11:22	0	0	0	389
11:23	0	0	0	327
11:24	0	0	0	323
11:25	0	0	0	385
11:26	0	0	0	412
11:27	1	0	0	351
11:28	0	2	0	362
11:29	0	2	0	396
11:30	0	0	0	341
11:31	1	1	0	412
11:32	0	2	0	408
11:33	0	1	0	357
11:34	0	0	0	411
11:35	0	0	0	367
11:36	1	0	0	382
11:37	0	2	0	384
11:38	4	2	0	380
11:39	2	2	0	342
11:40	0	3	0	396
11:41	0	2	0	401
11:42	0	2	0	417
11:43	2	2	0	399
11:44	0	4	0	409
11:45	0	3	0	338
11:46	0	0	0	403
11:47	0	0	0	368
11:48	0	0	0	380
11:49	0	0	0	359
11:50	0	0	0	415
11:51	0	0	0	367
11:52	0	0	0	309
11:53	0	1	1	335
11:54	0	2	0	379
11:55	0	2	0	396
11:56	1	0	0	356
11:57	2	0	0	363
11:58	2	1	0	405
11:59	1	2	0	382
12:00	0	2	0	396
12:01	0	0	0	344
12:02	0	0	0	400
12:03	0	0	0	400
12:04	0	0	0	371
12:05	0	2	0	386
12:06	2	3	0	424
12:07	0	5	0	370
12:08	1	5	0	353
12:09	0	4	0	401
12:10	0	3	0	398
12:11	0	0	0	380
12:12	0	0	0	396
12:13	2	0	0	338
12:14	3	0	1	353
12:15	3	0	0	422
12:16	0	0	0	375
12:17	2	0	0	342
12:18	2	0	0	357
12:19	0	1	0	406
12:20	0	0	0	329
12:21	0	0	0	379
12:22	0	0	0	393
12:23	0	1	0	401
12:24	2	2	0	386
12:25	0	4	0	359
12:26	0	1	0	354
12:27	0	0	0	387
12:28	0	0	0	393
12:29	0	0	0	400
12:30	0	4	0	392
12:31	0	4	0	387
12:32	1	3	0	391
12:33	1	3	0	359
12:34	0	7	0	421
12:35	0	5	0	341
12:36	2	3	0	375
12:37	1	4	0	427
12:38	0	6	0	360
12:39	2	2	0	424
12:40	1	3	0	418
12:41	2	3	0	424
12:42	2	1	0	387
12:43	1	0	0	397
12:44	1	0	0	374
12:45	0	2	0	388
12:46	1	3	0	413
12:47	0	4	0	397
12:48	0	3	0	372
12:49	1	1	0	401
12:50	1	2	0	396
12:51	0	4	0	404
12:52	0	4	0	389
12:53	0	2	0	395
12:54	0	3	0	438
12:55	0	2	0	389
12:56	0	1	0	360
12:57	3	3	0	374
12:58	4	5	0	416
12:59	1	4	0	376
13:00	0	5	0	452
13:01	0	6	0	414
13:02	1	5	0	445
13:03	2	1	0	441
13:04	1	2	0	512
13:05	2	4	0	453
13:06	3	11	0	502
13:07	2	13	0	478
13:08	1	8	0	439
13:09	6	1	0	406
13:10	3	7	1	404
13:11	3	14	0	514
13:12	5	19	0	499
13:13	6	22	0	529
13:14	4	26	0	518
13:15	5	18	0	482
13:16	3	22	0	456
13:17	2	21	0	479
13:18	3	17	0	460
13:19	2	11	0	442
13:20	5	16	0	539
13:21	2	29	0	492
13:22	0	29	0	462
13:23	2	18	0	489
13:24	0	12	0	505
13:25	2	12	0	483
13:26	3	17	0	468
13:27	2	24	0	515
13:28	5	27	0	490
13:29	3	33	0	489
13:30	1	24	0	505
13:31	4	21	0	459
13:32	7	24	1	478
13:33	6	24	0	508
13:34	7	21	0	488
13:35	4	29	0	546
13:36	5	35	0	513
13:37	4	27	0	526
13:38	0	16	0	508
13:39	1	5	0	473
13:40	3	12	0	495
13:41	4	23	0	545
13:42	3	29	0	570
13:43	0	21	0	490
13:44	1	9	0	508
13:45	3	13	0	511
13:46	5	17	0	500
13:47	3	25	0	503
13:48	5	32	0	539
13:49	4	29	0	529
13:50	7	25	0	503
13:51	6	27	0	495
13:52	7	22	0	474
13:53	3	24	0	568
13:54	3	29	0	535
13:55	5	28	0	555
13:56	3	19	0	451
13:57	2	16	0	521
13:58	0	18	0	484
13:59	2	19	0	478
14:00	5	18	0	460
14:01	6	23	0	521
14:02	2	31	0	473
14:03	2	25	0	442
14:04	1	27	0	435
14:05	7	23	1	433
14:06	7	27	0	431
14:07	3	30	0	513
14:08	8	24	0	489
14:09	5	20	0	466
14:10	1	21	0	477
14:11	4	12	0	415
14:12	5	17	0	498
14:13	4	17	0	476
14:14	1	10	0	468
14:15	4	13	0	412
14:16	7	11	0	460
14:17	5	14	0	420
14:18	3	11	0	519
14:19	4	10	0	491
14:20	5	13	0	492
14:21	4	14	0	460
14:22	8	15	0	458
14:23	0	17	0	451
14:24	2	16	0	439
14:25	2	13	0	439
14:26	5	12	0	393
14:27	6	17	0	464
14:28	3	22	0	388
14:29	10	18	0	497
14:30	6	19	0	481
14:31	1	22	0	459
14:32	3	18	0	383
14:33	4	14	2	382
14:34	4	17	0	429
14:35	1	21	0	452
14:36	1	20	0	414
14:37	6	18	0	428
14:38	4	19	0	440
14:39	3	18	0	448
14:40	4	18	0	499
14:41	1	19	0	479
14:42	0	12	0	537
14:43	1	4	0	456
14:44	2	5	0	446
14:45	5	14	0	459
14:46	1	19	0	463
14:47	1	16	0	457
14:48	1	11	0	405
14:49	1	17	0	454
14:50	2	19	1	520
14:51	3	15	0	474
14:52	2	13	0	500
14:53	1	19	0	480
14:54	6	21	0	483
14:55	1	21	0	466
14:56	1	18	0	428
14:57	5	17	0	466
14:58	2	24	0	449
14:59	6	27	0	413
15:00	2	34	0	481
15:01	2	32	0	483
15:02	3	23	0	407
15:03	2	23	1	343
15:04	1	25	2	416
15:05	0	20	0	377
15:06	3	16	2	395
15:07	4	12	0	372
15:08	0	14	0	504
15:09	1	16	0	404
15:10	4	15	0	408
15:11	3	20	0	410
15:12	1	16	1	437
15:13	0	15	0	424
15:14	0	19	0	431
15:15	1	20	0	393
15:16	1	15	0	399
15:17	2	18	0	435
15:18	2	22	0	369
15:19	3	17	0	442
15:20	1	10	0	455
15:21	3	13	0	419
15:22	3	12	0	420
15:23	5	11	0	426
15:24	4	15	0	419
15:25	1	16	0	435
15:26	1	12	0	440
15:27	4	7	0	315
15:28	1	18	0	549
15:29	1	20	0	434
15:30	2	20	0	367
15:31	3	10	0	471
15:32	6	10	0	513
15:33	2	17	0	439
15:34	2	18	0	394
15:35	4	8	0	422
15:36	2	6	1	414
15:37	3	7	0	429
15:38	1	8	0	409
15:39	0	8	0	407
15:40	1	13	1	436
15:41	7	14	0	425
15:42	4	12	0	452
15:43	3	4	0	424
15:44	3	5	0	462
15:45	1	8	0	409
15:46	0	6	1	349
15:47	0	7	0	388
15:48	0	9	0	442
15:49	0	9	0	411
15:50	0	8	0	390
15:51	4	13	0	443
15:52	2	19	0	433
15:53	4	20	0	467
15:54	0	14	0	414
15:55	1	16	0	431
15:56	2	14	0	464
15:57	2	16	0	461
15:58	0	18	0	446
15:59	3	16	0	438
16:00	4	18	0	475
16:01	2	14	0	443
16:02	1	6	0	381
16:03	2	3	1	399
16:04	0	9	0	428
16:05	1	11	0	498
16:06	3	10	0	465
16:07	5	12	0	420
16:08	3	12	0	361
16:09	3	11	3	395
16:10	7	14	0	377
16:11	4	19	1	452
16:12	4	22	0	416
16:13	5	20	1	430
16:14	4	22	0	441
16:15	3	15	0	459
16:16	2	10	0	435
16:17	6	14	0	398
16:18	3	22	0	454
16:19	0	15	0	422
16:20	0	7	0	462
16:21	0	6	0	472
16:22	3	6	0	403
16:23	3	16	0	399
16:24	1	21	0	493
16:25	2	14	0	441
16:26	2	14	0	470
16:27	5	9	0	468
16:28	4	11	0	407
16:29	3	14	0	463
16:30	3	11	1	394
16:31	4	10	0	380
16:32	5	16	0	490
16:33	2	18	0	477
16:34	4	14	0	448
16:35	2	13	0	402
16:36	4	9	0	417
16:37	3	17	0	435
16:38	2	18	0	486
16:39	3	19	0	436
16:40	1	15	0	343
16:41	4	11	2	378
16:42	3	12	0	455
16:43	2	12	0	498
16:44	1	14	0	489
16:45	0	18	0	456
16:46	0	16	0	410
16:47	0	15	0	348
16:48	2	14	2	389
16:49	4	18	0	474
16:50	4	19	0	408
16:51	6	15	0	433
16:52	2	17	0	434
16:53	2	18	0	403
16:54	5	18	1	409
16:55	3	18	0	455
16:56	0	12	0	473
16:57	1	8	0	443
16:58	1	9	0	351
16:59	2	7	2	328
17:00	4	6	0	457
17:01	2	10	0	438
17:02	0	13	0	431
17:03	7	14	0	393
17:04	6	19	1	439
17:05	6	25	0	443
17:06	1	20	0	417
17:07	1	14	0	444
17:08	4	8	0	431
17:09	4	14	0	409
17:10	4	12	1	393
17:11	3	15	0	406
17:12	3	18	1	393
17:13	2	16	0	380
17:14	3	9	1	398
17:15	3	8	0	426
17:16	3	9	0	445
17:17	1	12	0	407
17:18	2	12	1	401
17:19	3	19	0	449
17:20	1	13	0	432
17:21	2	10	0	443
17:22	4	13	0	403
17:23	2	21	0	441
17:24	0	22	0	427
17:25	2	19	0	447
17:26	4	12	0	437
17:27	4	13	1	336
17:28	2	21	0	408
17:29	0	23	0	471
17:30	2	17	0	444
17:31	0	16	0	394
17:32	0	13	1	381
17:33	3	9	0	440
17:34	2	14	0	434
17:35	4	16	0	479
17:36	3	24	0	429
17:37	4	22	0	422
17:38	5	23	0	391
17:39	1	21	1	376
17:40	1	16	1	350
17:41	4	9	0	421
17:42	3	7	1	394
17:43	3	5	0	410
17:44	2	7	0	399
17:45	1	9	1	437
17:46	0	7	0	421
17:47	2	5	0	444
17:48	2	11	0	428
17:49	9	12	0	431
17:50	2	10	0	425
17:51	3	10	0	456
17:52	3	9	0	370
17:53	3	12	1	368
17:54	2	11	0	485
17:55	2	11	0	345
17:56	2	14	0	397
17:57	0	14	1	381
17:58	1	11	0	319
17:59	0	11	1	453
18:00	0	15	0	407
18:01	4	15	0	473
18:02	0	18	0	385
18:03	1	14	0	376
18:04	1	10	1	370
18:05	1	8	0	404
18:06	0	9	0	423
18:07	0	9	0	399
18:08	2	11	0	364
18:09	4	9	1	401
18:10	2	11	1	458
18:11	1	14	0	379
18:12	1	13	1	379
18:13	2	14	0	421
18:14	1	15	0	464
18:15	2	13	0	420
18:16	2	5	0	125
18:17	1	14	1	382
18:18	0	13	0	496
18:19	1	8	0	420
18:20	3	8	0	416
18:21	1	13	0	394
18:22	4	16	1	368
18:23	3	18	0	423
18:24	1	14	0	428
18:25	1	12	1	345
18:26	1	11	1	409
18:27	0	9	0	445
18:28	1	11	0	401
18:29	0	11	0	412
18:30	0	4	0	435
18:31	2	4	0	382
18:32	3	4	1	417
18:33	1	5	0	372
18:34	1	5	0	389
18:35	2	6	1	449
18:36	2	13	0	410
18:37	0	13	0	453
18:38	0	9	0	469
18:39	4	5	0	438
18:40	2	8	0	398
18:41	1	11	0	455
18:42	2	13	0	430
18:43	3	14	0	365
18:44	2	18	1	391
18:45	1	22	0	464
18:46	2	20	0	497
18:47	3	7	0	432
18:48	3	9	0	433
18:49	1	12	0	377
18:50	1	9	1	370
18:51	4	4	0	499
18:52	3	8	0	427
18:53	0	8	0	428
18:54	0	9	0	434
18:55	1	9	0	384
18:56	1	7	0	486
18:57	2	6	0	447
18:58	2	9	0	376
18:59	0	17	0	419
19:00	3	16	0	512
19:01	3	20	0	419
19:02	6	15	0	430
19:03	4	13	0	427
19:04	5	15	0	433
19:05	4	18	0	439
19:06	2	10	0	413
19:07	1	11	1	413
19:08	1	14	0	400
19:09	1	15	0	355
19:10	6	15	0	413
19:11	4	17	1	337
19:12	2	21	1	383
19:13	2	17	0	468
19:14	2	14	0	405
19:15	3	11	0	401
19:16	3	13	1	441
19:17	1	16	0	407
19:18	2	14	0	437
19:19	4	12	0	482
19:20	6	17	0	469
19:21	5	22	0	437
19:22	4	14	0	393
19:23	4	11	0	434
19:24	2	11	0	458
19:25	3	13	0	455
19:26	5	14	0	455
19:27	4	20	0	461
19:28	4	12	0	366
19:29	0	0	0	0
19:30	2	15	10	161
19:31	3	23	0	428
19:32	1	25	1	444
19:33	1	17	0	442
19:34	1	15	1	419
19:35	3	12	0	409
19:36	2	14	0	455
19:37	3	22	0	419
19:38	3	21	0	435
19:39	3	19	0	438
19:40	4	6	0	420
19:41	4	7	0	471
19:42	4	14	0	453
19:43	0	22	0	442
19:44	1	20	0	388
19:45	3	14	0	462
19:46	3	12	0	479
19:47	2	13	0	401
19:48	3	13	0	424
19:49	6	16	0	377
19:50	4	15	0	437
19:51	1	17	0	460
19:52	2	13	0	435
19:53	3	11	0	393
19:54	0	10	1	415
19:55	2	7	0	448
19:56	0	5	0	434
19:57	7	11	0	438
19:58	3	21	0	443
19:59	4	21	0	411
20:00	2	15	0	402
20:01	0	12	1	386
20:02	0	9	0	366
20:03	1	6	3	375
20:04	1	13	0	439
20:05	3	17	0	422
20:06	1	14	0	449
20:07	1	4	1	395
20:08	3	9	0	453
20:09	2	12	0	433
20:10	3	16	0	435
20:11	0	18	0	445
20:12	1	16	0	426
20:13	1	12	1	447
20:14	0	14	0	463
20:15	2	11	1	396
20:16	3	8	0	458
20:17	3	14	0	437
20:18	1	16	0	408
20:19	3	13	1	391
20:20	4	15	0	458
20:21	5	15	0	472
20:22	5	16	0	436
20:23	8	19	0	383
20:24	8	24	0	503
20:25	7	17	0	405
20:26	3	18	0	421
20:27	0	14	0	381
20:28	1	11	1	397
20:29	4	7	0	448
20:30	7	8	0	327
20:31	6	12	1	410
20:32	2	16	0	464
20:33	1	15	0	380
20:34	0	15	1	344
20:35	1	16	3	384
20:36	1	13	0	373
20:37	1	4	0	502
20:38	1	12	0	495
20:39	0	15	0	450
20:40	2	13	0	379
20:41	4	15	1	397
20:42	0	17	1	362
20:43	0	13	0	443
20:44	2	9	0	464
20:45	5	15	0	431
20:46	3	21	1	422
20:47	1	21	0	416
20:48	6	12	0	456
20:49	6	14	0	486
20:50	4	13	0	432
20:51	5	15	0	453
20:52	3	19	0	400
20:53	2	12	0	361
20:54	0	7	1	449
20:55	1	9	0	430
20:56	2	13	1	418
20:57	0	6	0	420
20:58	2	5	0	455
20:59	3	4	0	433
21:00	3	8	0	433
21:01	2	7	0	453
21:02	8	13	0	420
21:03	8	16	1	400
21:04	4	12	0	399
21:05	6	7	0	429
21:06	4	8	0	444
21:07	7	7	0	433
21:08	3	7	0	401
21:09	5	12	1	433
21:10	4	12	0	459
21:11	4	7	0	444
21:12	4	9	0	374
21:13	4	16	0	438
21:14	3	14	0	405
21:15	3	10	1	391
21:16	2	10	2	353
21:17	7	16	0	436
21:18	4	27	0	422
21:19	1	24	1	423
21:20	1	15	0	456
21:21	5	10	0	390
21:22	1	15	0	425
21:23	4	15	0	481
21:24	4	13	0	439
21:25	2	17	0	469
21:26	6	19	0	382
21:27	6	14	1	398
21:28	4	24	0	391
21:29	6	16	1	382
21:30	7	21	0	456
21:31	2	19	0	422
21:32	2	17	1	381
21:33	4	9	0	434
21:34	4	7	0	376
21:35	4	9	1	449
21:36	0	12	0	432
21:37	6	13	0	414
21:38	0	12	0	381
21:39	2	10	1	400
21:40	6	11	1	331
21:41	6	20	0	450
21:42	4	31	1	381
21:43	2	27	0	399
21:44	2	21	0	505
21:45	0	25	0	403
21:46	2	26	0	428
21:47	3	25	0	431
21:48	6	23	0	497
21:49	3	25	0	488
21:50	3	21	0	432
21:51	5	12	0	424
21:52	1	12	0	358
21:53	0	12	1	466
21:54	4	11	0	538
21:55	4	13	0	488
21:56	4	15	0	469
21:57	2	17	0	450
21:58	2	14	0	437
21:59	3	14	0	477
22:00	4	14	0	447
22:01	3	16	0	485
22:02	3	19	0	455
22:03	1	17	0	489
22:04	1	16	0	386
22:05	6	7	1	432
22:06	4	13	0	392
22:07	4	15	0	441
22:08	1	20	0	423
22:09	1	16	1	460
22:10	5	11	0	459
22:11	4	13	0	391
22:12	0	18	0	439
22:13	2	14	0	409
22:14	4	11	1	403
22:15	4	10	1	396
22:16	4	16	0	374
22:17	2	18	1	400
22:18	7	22	0	479
22:19	5	17	0	432
22:20	5	15	0	498
22:21	3	14	0	454
22:22	2	18	0	478
22:23	1	13	0	397
22:24	3	8	0	454
22:25	2	10	0	349
22:26	8	9	1	458
22:27	10	14	0	488
22:28	4	24	0	504
22:29	1	19	0	397
22:30	1	11	1	398
22:31	0	10	1	453
22:32	3	8	0	400
22:33	6	6	1	402
22:34	3	12	0	421
22:35	3	14	0	374
22:36	4	16	2	375
22:37	7	20	0	486
22:38	8	14	0	399
22:39	3	16	0	470
22:40	1	15	0	410
22:41	3	14	1	376
22:42	2	13	0	471
22:43	1	10	0	395
22:44	0	9	0	509
22:45	2	10	0	448
22:46	2	11	0	445
22:47	4	14	0	370
22:48	2	12	0	404
22:49	4	11	1	368
22:50	0	18	0	435
22:51	3	13	0	453
22:52	2	8	0	441
22:53	1	12	0	439
22:54	2	11	0	399
22:55	0	0	0	0
22:56	0	0	0	0
22:57	0	0	0	0
22:58	0	0	0	0
22:59	0	0	0	0
23:00	0	0	0	0
23:01	0	0	0	0
23:02	0	0	0	0
23:03	0	0	0	0
23:04	0	0	0	0
23:05	0	0	0	0
23:06	0	0	0	0
23:07	0	0	0	0
23:08	0	0	0	0
23:09	0	0	0	0
23:10	0	0	0	0
23:11	0	0	0	0
23:12	0	0	0	0
23:13	0	0	0	0
23:14	0	0	0	0
23:15	0	0	0	0
23:16	0	0	0	0
23:17	0	0	0	0
23:18	0	0	0	0
23:19	0	0	0	0
23:20	0	0	0	0
23:21	0	0	0	0
23:22	0	0	0	0
23:23	0	0	0	0
23:24	0	0	0	0
23:25	0	0	0	0
23:26	0	0	0	0
23:27	0	0	0	0
23:28	0	0	0	0
23:29	0	0	0	0
23:30	0	0	0	0
23:31	0	0	0	0
23:32	0	0	0	0
23:33	0	0	0	0
23:34	0	0	0	0
23:35	0	0	0	0
23:36	0	0	0	0
23:37	0	0	0	0
23:38	0	0	0	0
23:39	0	0	0	0
23:40	0	0	0	0
23:41	0	0	0	0
23:42	0	0	0	0
23:43	0	0	0	0
23:44	0	0	0	0
23:45	0	0	0	0
23:46	0	0	0	0
23:47	0	0	0	0
23:48	0	0	0	0
23:49	0	0	0	0
23:50	0	0	0	0
23:51	0	0	0	0
23:52	0	0	0	0
23:53	0	0	0	0
23:54	0	0	0	0
23:55	0	0	0	0
23:56	0	0	0	0
23:57	0	0	0	0
23:58	0	0	0	0
23:59	0	0	0	0
