x	Alert Delivery Threads	Event Delivery Threads	Datafetch Threads
0	0	0	0
00:00	2	8	5
00:00	1	3	2
00:01	0	1	1
00:02	0	2	1
00:03	1	2	2
00:04	1	2	1
00:05	1	3	1
00:06	1	5	1
00:07	0	3	2
00:08	1	2	1
00:09	0	3	1
00:10	0	4	0
00:11	0	4	4
00:12	0	8	1
00:13	1	6	1
00:14	0	4	1
00:15	0	2	1
00:16	1	3	1
00:17	0	1	0
00:18	0	2	1
00:19	0	2	1
00:20	0	0	1
00:21	0	0	1
00:22	0	0	1
00:23	0	3	1
00:24	0	0	1
00:25	0	4	1
00:26	0	1	0
00:27	0	0	1
00:28	0	2	1
00:29	0	0	0
00:30	0	1	1
00:31	0	4	2
00:32	0	5	1
00:33	0	6	0
00:34	0	4	1
00:35	0	2	1
00:36	0	3	0
00:37	0	4	0
00:38	0	6	1
00:39	0	2	2
00:40	1	5	1
00:41	1	4	1
00:42	1	5	1
00:43	1	7	1
00:44	1	5	2
00:45	1	3	1
00:46	1	3	1
00:47	1	3	1
00:48	1	2	3
00:49	0	3	1
00:50	1	4	2
00:51	1	5	2
00:52	1	4	1
00:53	1	4	2
00:54	1	5	2
00:55	1	3	2
00:56	1	2	2
00:57	1	2	1
00:58	0	3	1
00:59	1	2	2
01:00	1	3	1
01:01	0	2	1
01:02	0	2	1
01:03	0	3	4
01:04	0	3	0
01:05	0	3	0
01:06	1	5	0
01:07	0	2	2
01:08	1	4	1
01:09	1	3	1
01:10	1	3	1
01:11	1	4	0
01:12	1	3	1
01:13	1	3	1
01:14	1	3	1
01:15	1	4	1
01:16	0	4	1
01:17	1	2	1
01:18	0	2	1
01:19	0	2	1
01:20	0	1	1
01:21	1	3	0
01:22	1	4	1
01:23	1	3	2
01:24	0	3	1
01:25	1	2	0
01:26	1	3	0
01:27	1	4	1
01:28	0	3	1
01:29	0	1	1
01:30	1	3	1
01:31	1	3	1
01:32	1	2	1
01:33	1	3	1
01:34	1	2	1
01:35	0	3	1
01:36	1	4	1
01:37	1	3	1
01:38	0	2	0
01:39	1	2	0
01:40	1	2	1
01:41	0	3	1
01:42	1	4	1
01:43	1	3	1
01:44	0	2	1
01:45	1	2	1
01:46	1	3	1
01:47	1	3	1
01:48	1	3	2
01:49	1	2	1
01:50	1	2	2
01:51	0	3	1
01:52	1	3	2
01:53	1	3	1
01:54	1	2	1
01:55	0	2	1
01:56	1	3	1
01:57	1	2	1
01:58	0	2	1
01:59	0	3	1
02:00	1	2	1
02:01	0	3	1
02:02	0	2	1
02:03	0	2	0
02:04	1	3	1
02:05	1	2	1
02:06	0	3	0
02:07	1	3	0
02:08	1	3	1
02:09	1	3	1
02:10	0	2	1
02:11	0	2	0
02:12	1	3	1
02:13	0	3	0
02:14	0	3	1
02:15	1	1	1
02:16	0	2	1
02:17	1	2	1
02:18	0	3	1
02:19	1	2	0
02:20	0	2	0
02:21	1	3	0
02:22	1	2	1
02:23	0	2	0
02:24	0	2	1
02:25	0	0	0
02:26	1	3	1
02:27	0	2	0
02:28	1	2	0
02:29	1	3	1
02:30	1	2	1
02:31	0	0	0
02:32	1	2	0
02:33	1	3	0
02:34	1	2	0
02:35	0	2	0
02:36	1	2	0
02:37	0	2	1
02:38	0	0	1
02:39	0	0	1
02:40	1	2	0
02:41	0	2	2
02:42	0	2	0
02:43	0	1	0
02:44	0	2	0
02:45	1	2	0
02:46	0	2	1
02:47	1	2	0
02:48	1	4	1
02:49	0	4	1
02:50	0	3	1
02:51	1	2	1
02:52	1	6	0
02:53	1	3	1
02:54	0	2	0
02:55	1	2	1
02:56	1	3	0
02:57	1	3	1
02:58	0	2	2
02:59	1	3	1
03:00	0	3	1
03:01	1	1	1
03:02	1	2	1
03:03	1	2	0
03:04	0	2	1
03:05	0	0	1
03:06	0	1	0
03:07	1	1	0
03:08	1	2	1
03:09	0	2	0
03:10	0	0	1
03:11	0	2	1
03:12	0	0	0
03:13	0	0	0
03:14	0	1	0
03:15	0	0	0
03:16	1	2	0
03:17	0	3	0
03:18	1	2	0
03:19	1	2	0
03:20	0	2	0
03:21	1	2	1
03:22	1	3	0
03:23	0	2	0
03:24	1	1	0
03:25	1	3	0
03:26	1	2	1
03:27	1	3	1
03:28	1	2	0
03:29	1	2	0
03:30	1	2	0
03:31	1	2	1
03:32	0	2	0
03:33	0	2	0
03:34	0	0	0
03:35	1	2	1
03:36	0	0	0
03:37	1	2	0
03:38	1	4	1
03:39	0	0	1
03:40	1	3	0
03:41	0	2	0
03:42	0	0	0
03:43	0	0	0
03:44	0	2	1
03:45	1	2	1
03:46	1	3	1
03:47	1	3	1
03:48	0	2	1
03:49	1	3	0
03:50	1	3	1
03:51	1	3	1
03:52	0	4	1
03:53	0	3	1
03:54	0	1	0
03:55	1	2	1
03:56	1	2	1
03:57	1	4	0
03:58	0	2	0
03:59	1	2	0
04:00	0	2	1
04:01	0	0	1
04:02	0	0	0
04:03	0	0	0
04:04	1	2	0
04:05	1	2	0
04:06	1	3	1
04:07	0	2	0
04:08	0	0	1
04:09	0	0	1
04:10	0	0	0
04:11	0	0	0
04:12	0	1	1
04:13	0	0	0
04:14	0	0	0
04:15	0	0	0
04:16	0	0	0
04:17	0	0	0
04:18	1	3	0
04:19	1	4	1
04:20	1	5	1
04:21	0	4	1
04:22	1	2	0
04:23	1	2	0
04:24	1	3	1
04:25	1	4	1
04:26	1	2	0
04:27	0	2	0
04:28	1	2	1
04:29	1	2	0
04:30	0	3	1
04:31	0	3	1
04:32	0	0	0
04:33	0	0	1
04:34	1	3	0
04:35	0	3	1
04:36	1	3	1
04:37	0	3	1
04:38	1	2	0
04:39	1	2	1
04:40	0	2	1
04:41	0	0	0
04:42	1	3	1
04:43	1	5	1
04:44	0	2	0
04:45	1	3	2
04:46	0	0	0
04:47	1	2	1
04:48	0	0	0
04:49	0	0	0
04:50	0	2	1
04:51	1	2	0
04:52	0	2	0
04:53	1	2	0
04:54	1	2	1
04:55	0	2	1
04:56	0	2	0
04:57	1	1	0
04:58	0	2	0
04:59	1	3	1
05:00	1	3	1
05:01	0	1	0
05:02	0	0	0
05:03	0	0	0
05:04	0	0	0
05:05	0	2	0
05:06	0	0	0
05:07	0	0	0
05:08	0	0	0
05:09	0	0	0
05:10	0	2	1
05:11	0	2	1
05:12	0	0	0
05:13	0	0	0
05:14	0	0	0
05:15	0	0	0
05:16	0	0	0
05:17	0	0	1
05:18	0	0	0
05:19	0	0	0
05:20	0	0	0
05:21	0	2	0
05:22	0	0	0
05:23	0	0	0
05:24	0	0	0
05:25	0	0	0
05:26	0	0	0
05:27	0	0	0
05:28	0	0	0
05:29	0	0	0
05:30	0	0	0
05:31	0	0	0
05:32	0	0	0
05:33	0	2	1
05:34	0	0	0
05:35	0	0	0
05:36	0	1	1
05:37	0	0	0
05:38	0	3	2
05:39	0	0	0
05:40	0	0	1
05:41	0	0	0
05:42	0	0	0
05:43	0	0	0
05:44	0	0	0
05:45	0	0	0
05:46	0	1	1
05:47	0	0	0
05:48	0	0	0
05:49	0	0	0
05:50	0	0	0
05:51	0	0	0
05:52	0	2	0
05:53	0	0	0
05:54	0	0	0
05:55	0	0	0
05:56	0	0	0
05:57	0	1	0
05:58	0	0	0
05:59	0	0	0
06:00	0	0	0
06:01	0	0	0
06:02	0	0	0
06:03	0	0	0
06:04	0	1	1
06:05	0	0	0
06:06	0	0	0
06:07	0	0	0
06:08	0	0	0
06:09	0	0	0
06:10	0	0	0
06:11	0	0	0
06:12	0	0	0
06:13	0	0	0
06:14	0	0	0
06:15	0	0	0
06:16	0	0	0
06:17	0	0	1
06:18	0	0	0
06:19	0	0	1
06:20	0	0	0
06:21	0	0	0
06:22	1	2	0
06:23	1	3	0
06:24	1	5	1
06:25	2	6	2
06:26	1	3	1
06:27	1	3	0
06:28	1	3	1
06:29	1	3	0
06:30	1	3	2
06:31	1	3	1
06:32	1	2	1
06:33	1	3	1
06:34	1	3	1
06:35	0	0	0
06:36	1	2	0
06:37	0	1	0
06:38	1	1	0
06:39	1	2	1
06:40	1	2	0
06:41	1	2	0
06:42	1	3	1
06:43	0	2	0
06:44	1	2	1
06:45	1	2	1
06:46	1	3	0
06:47	1	2	0
06:48	0	2	0
06:49	1	2	1
06:50	0	2	1
06:51	0	0	0
06:52	0	0	0
06:53	1	3	1
06:54	1	2	2
06:55	1	3	1
06:56	1	2	1
06:57	1	2	1
06:58	0	0	0
06:59	1	2	0
07:00	0	1	0
07:01	1	2	0
07:02	0	2	1
07:03	1	2	2
07:04	0	1	1
07:05	0	0	0
07:06	0	2	1
07:07	1	2	0
07:08	0	2	1
07:09	0	0	0
07:10	0	0	0
07:11	0	0	0
07:12	0	0	0
07:13	0	0	0
07:14	1	2	1
07:15	1	4	1
07:16	0	1	0
07:17	0	0	0
07:18	1	2	1
07:19	0	1	1
07:20	0	0	0
07:21	1	2	0
07:22	0	3	1
07:23	1	2	1
07:24	0	2	0
07:25	0	0	0
07:26	0	0	0
07:27	0	0	0
07:28	1	3	1
07:29	0	3	0
07:30	0	0	0
07:31	1	2	0
07:32	0	1	0
07:33	0	0	0
07:34	1	2	0
07:35	0	2	1
07:36	0	0	0
07:37	1	2	0
07:38	0	2	1
07:39	0	0	0
07:40	0	0	0
07:41	0	0	0
07:42	0	0	0
07:43	1	2	0
07:44	1	2	0
07:45	0	2	1
07:46	1	2	0
07:47	1	2	0
07:48	0	1	0
07:49	1	2	1
07:50	0	2	1
07:51	0	0	0
07:52	0	0	0
07:53	0	0	0
07:54	0	0	0
07:55	1	3	0
07:56	1	3	0
07:57	0	2	1
07:58	1	2	0
07:59	0	1	0
08:00	0	0	0
08:01	1	3	0
08:02	1	2	0
08:03	0	2	1
08:04	1	2	0
08:05	1	2	1
08:06	0	2	1
08:07	1	2	0
08:08	0	0	0
08:09	1	2	0
08:10	0	1	0
08:11	1	2	0
08:12	0	1	1
08:13	0	0	0
08:14	0	2	1
08:15	0	0	0
08:16	0	0	1
08:17	0	0	0
08:18	0	0	0
08:19	0	0	0
08:20	0	0	0
08:21	0	0	0
08:22	0	0	0
08:23	0	0	0
08:24	1	2	0
08:25	1	2	0
08:26	0	1	0
08:27	0	0	0
08:28	1	2	0
08:29	1	3	0
08:30	0	2	0
08:31	0	0	0
08:32	0	0	0
08:33	0	0	0
08:34	0	1	1
08:35	0	2	1
08:36	0	2	1
08:37	0	0	0
08:38	0	0	0
08:39	0	0	0
08:40	1	2	0
08:41	0	1	0
08:42	1	1	0
08:43	1	2	0
08:44	0	2	0
08:45	0	1	0
08:46	0	0	0
08:47	0	0	0
08:48	0	0	0
08:49	0	0	0
08:50	1	2	0
08:51	0	2	1
08:52	1	2	0
08:53	1	2	1
08:54	0	2	0
08:55	0	0	0
08:56	1	1	0
08:57	0	2	0
08:58	0	1	1
08:59	0	1	1
09:00	1	2	1
09:01	0	1	1
09:02	0	0	0
09:03	0	2	1
09:04	0	0	0
09:05	0	0	0
09:06	0	0	0
09:07	1	0	0
09:08	0	2	0
09:09	0	1	0
09:10	0	0	0
09:11	1	2	0
09:12	0	3	0
09:13	0	1	0
09:14	0	0	0
09:15	1	2	0
09:16	0	0	0
09:17	0	0	0
09:18	0	0	0
09:19	0	0	0
09:20	0	0	0
09:21	0	0	0
09:22	1	2	0
09:23	0	0	0
09:24	0	0	0
09:25	0	0	0
09:26	0	0	0
09:27	1	2	0
09:28	0	1	0
09:29	0	0	0
09:30	0	0	0
09:31	1	2	0
09:32	0	1	0
09:33	0	0	0
09:34	1	3	0
09:35	0	2	1
09:36	1	2	1
09:37	0	2	1
09:38	0	0	0
09:39	0	0	0
09:40	0	0	0
09:41	1	2	0
09:42	1	2	0
09:43	0	2	0
09:44	0	0	0
09:45	1	1	0
09:46	0	0	0
09:47	0	2	1
09:48	1	2	0
09:49	1	2	1
09:50	1	2	0
09:51	0	1	0
09:52	0	0	0
09:53	0	1	1
09:54	0	0	0
09:55	0	0	0
09:56	1	2	0
09:57	1	2	0
09:58	1	2	0
09:59	0	1	0
10:00	1	2	0
10:01	1	2	0
10:02	1	2	0
10:03	0	2	1
10:04	0	0	0
10:05	0	0	1
10:06	0	0	0
10:07	0	0	0
10:08	0	2	1
10:09	1	3	1
10:10	0	2	1
10:11	0	2	0
10:12	1	2	0
10:13	0	0	0
10:14	1	2	0
10:15	0	3	1
10:16	0	2	1
10:17	1	2	0
10:18	0	1	0
10:19	0	0	0
10:20	1	2	0
10:21	0	0	0
10:22	0	0	0
10:23	0	0	0
10:24	0	0	0
10:25	0	0	1
10:26	0	0	0
10:27	0	0	0
10:28	0	0	0
10:29	0	0	0
10:30	0	0	0
10:31	0	0	0
10:32	0	0	0
10:33	0	2	1
10:34	0	0	0
10:35	1	2	0
10:36	0	1	0
10:37	0	0	0
10:38	0	0	0
10:39	0	0	0
10:40	0	2	1
10:41	0	0	0
10:42	0	0	0
10:43	0	2	1
10:44	0	2	1
10:45	0	0	0
10:46	0	0	0
10:47	0	0	0
10:48	0	0	0
10:49	0	0	0
10:50	0	0	0
10:51	0	0	0
10:52	0	0	0
10:53	1	1	0
10:54	1	3	2
10:55	1	2	0
10:56	1	3	1
10:57	1	2	1
10:58	0	2	0
10:59	0	0	1
11:00	1	3	0
11:01	1	2	1
11:02	0	0	0
11:03	1	2	0
11:04	1	2	0
11:05	1	2	0
11:06	0	1	0
11:07	0	0	0
11:08	1	2	1
11:09	1	2	0
11:10	1	3	1
11:11	1	3	0
11:12	0	2	0
11:13	0	0	0
11:14	0	0	0
11:15	0	0	0
11:16	0	0	1
11:17	0	0	0
11:18	0	0	0
11:19	0	0	0
11:20	0	0	0
11:21	1	2	0
11:22	1	2	0
11:23	0	2	1
11:24	1	2	0
11:25	0	2	0
11:26	1	2	0
11:27	0	1	0
11:28	0	1	1
11:29	0	0	1
11:30	0	0	0
11:31	0	0	0
11:32	1	2	0
11:33	0	0	0
11:34	1	2	0
11:35	0	2	1
11:36	1	2	0
11:37	1	2	1
11:38	0	1	0
11:39	1	2	0
11:40	0	1	0
11:41	0	2	1
11:42	0	0	0
11:43	0	0	0
11:44	0	0	0
11:45	1	2	1
11:46	0	1	0
11:47	0	0	0
11:48	1	3	1
11:49	1	3	1
11:50	0	2	1
11:51	0	0	1
11:52	0	0	0
11:53	0	0	0
11:54	0	2	1
11:55	0	0	0
11:56	1	2	0
11:57	0	2	1
11:58	0	0	0
11:59	0	2	1
12:00	1	2	0
12:01	0	0	1
12:02	0	0	1
12:03	0	2	0
12:04	1	1	0
12:05	1	3	1
12:06	0	1	0
12:07	1	2	1
12:08	1	1	0
12:09	1	2	0
12:10	0	2	1
12:11	0	0	0
12:12	1	3	1
12:13	1	3	2
12:14	0	2	0
12:15	0	0	0
12:16	0	0	1
12:17	1	2	0
12:18	1	2	1
12:19	1	2	0
12:20	0	2	1
12:21	0	0	0
12:22	0	0	0
12:23	0	0	0
12:24	0	0	1
12:25	1	1	0
12:26	1	2	0
12:27	0	2	1
12:28	1	2	0
12:29	1	2	1
12:30	1	1	0
12:31	0	2	1
12:32	1	2	0
12:33	1	2	0
12:34	1	2	0
12:35	0	1	0
12:36	0	0	0
12:37	0	0	0
12:38	0	0	1
12:39	1	3	0
12:40	1	2	1
12:41	1	3	0
12:42	0	2	0
12:43	1	3	0
12:44	0	2	1
12:45	0	0	0
12:46	1	2	0
12:47	0	1	1
12:48	1	2	0
12:49	0	2	0
12:50	1	2	1
12:51	0	2	1
12:52	1	3	0
12:53	0	2	1
12:54	0	0	0
12:55	0	2	1
12:56	0	2	1
12:57	1	2	0
12:58	0	1	0
12:59	0	3	2
13:00	0	2	4
13:01	0	2	1
13:02	1	2	1
13:03	0	3	1
13:04	0	0	0
13:05	1	2	2
13:06	0	2	1
13:07	1	2	0
13:08	1	2	1
13:09	0	3	1
13:10	0	2	1
13:11	1	2	0
13:12	1	2	1
13:13	1	2	2
13:14	1	2	2
13:15	0	1	5
13:16	0	1	3
13:17	0	2	2
13:18	0	2	1
13:19	0	1	1
13:20	0	0	1
13:21	0	2	3
13:22	1	3	2
13:23	1	3	0
13:24	0	2	0
13:25	1	2	1
13:26	1	2	1
13:27	0	3	1
13:28	1	2	1
13:29	1	1	2
13:30	0	3	1
13:31	1	4	0
13:32	1	2	0
13:33	0	1	1
13:34	0	2	1
13:35	0	1	2
13:36	1	2	2
13:37	0	2	2
13:38	0	2	2
13:39	0	1	1
13:40	1	3	3
13:41	0	2	1
13:42	1	3	2
13:43	1	2	1
13:44	1	2	1
13:45	0	2	2
13:46	1	2	0
13:47	0	2	1
13:48	0	1	3
13:49	0	2	1
13:50	0	2	1
13:51	0	0	1
13:52	0	1	1
13:53	0	2	1
13:54	0	2	1
13:55	1	3	3
13:56	1	2	1
13:57	1	3	2
13:58	1	3	1
13:59	0	3	1
14:00	1	1	1
14:01	1	2	2
14:02	1	2	2
14:03	1	4	1
14:04	1	3	4
14:05	0	3	3
14:06	1	3	0
14:07	1	1	1
14:08	0	1	2
14:09	1	2	1
14:10	0	1	1
14:11	0	1	2
14:12	0	1	1
14:13	0	2	2
14:14	0	1	1
14:15	1	2	1
14:16	0	1	3
14:17	1	3	1
14:18	1	2	1
14:19	0	1	1
14:20	1	3	0
14:21	1	4	4
14:22	1	3	2
14:23	1	2	1
14:24	0	3	3
14:25	1	3	1
14:26	1	4	0
14:27	0	2	3
14:28	0	2	3
14:29	1	3	1
14:30	0	2	1
14:31	1	2	1
14:32	0	2	1
14:33	0	2	2
14:34	1	2	1
14:35	1	3	2
14:36	1	3	1
14:37	0	3	3
14:38	1	4	3
14:39	0	3	2
14:40	1	2	2
14:41	1	1	1
14:42	1	4	1
14:43	1	3	2
14:44	1	3	1
14:45	1	3	1
14:46	0	3	2
14:47	0	3	2
14:48	1	3	4
14:49	1	4	1
14:50	1	3	1
14:51	1	3	2
14:52	1	2	1
14:53	1	4	1
14:54	1	2	2
14:55	1	4	3
14:56	1	3	1
14:57	0	3	1
14:58	1	3	2
14:59	1	2	3
15:00	0	2	1
15:01	1	4	2
15:02	0	2	1
15:03	0	1	1
15:04	1	3	4
15:05	0	4	1
15:06	1	5	2
15:07	0	4	1
15:08	1	4	1
15:09	1	2	1
15:10	1	4	1
15:11	1	4	1
15:12	1	4	2
15:13	1	4	2
15:14	1	4	2
15:15	0	2	1
15:16	0	4	3
15:17	1	2	3
15:18	1	4	2
15:19	1	4	4
15:20	1	3	2
15:21	1	3	1
15:22	0	5	1
15:23	1	3	2
15:24	1	3	3
15:25	0	3	1
15:26	1	3	1
15:27	1	4	2
15:28	1	5	2
15:29	1	2	3
15:30	1	2	2
15:31	0	3	2
15:32	1	3	2
15:33	1	4	1
15:34	1	2	1
15:35	1	4	1
15:36	1	5	3
15:37	1	3	1
15:38	1	4	3
15:39	1	2	1
15:40	1	2	2
15:41	1	3	1
15:42	0	2	2
15:43	1	3	1
15:44	1	4	1
15:45	0	4	2
15:46	1	2	1
15:47	1	3	1
15:48	1	3	4
15:49	1	5	2
15:50	1	2	3
15:51	1	4	1
15:52	0	5	2
15:53	1	4	1
15:54	0	2	1
15:55	1	3	1
15:56	1	4	2
15:57	1	3	1
15:58	0	2	2
15:59	1	2	1
16:00	1	5	2
16:01	1	3	1
16:02	0	3	1
16:03	1	5	2
16:04	1	4	1
16:05	1	2	1
16:06	1	4	3
16:07	1	3	2
16:08	0	1	3
16:09	1	2	3
16:10	1	4	1
16:11	1	4	1
16:12	0	4	2
16:13	1	2	2
16:14	1	2	2
16:15	0	1	1
16:16	0	2	1
16:17	0	2	2
16:18	1	4	3
16:19	1	4	2
16:20	1	3	1
16:21	1	2	4
16:22	1	3	3
16:23	1	2	1
16:24	1	2	1
16:25	1	3	1
16:26	0	2	2
16:27	1	3	1
16:28	1	3	2
16:29	1	3	3
16:30	1	3	1
16:31	1	3	1
16:32	0	2	1
16:33	0	1	1
16:34	1	2	2
16:35	0	3	1
16:36	1	2	1
16:37	1	3	1
16:38	1	2	1
16:39	0	2	4
16:40	0	2	1
16:41	1	4	3
16:42	0	4	1
16:43	1	5	1
16:44	0	2	4
16:45	1	4	2
16:46	0	3	3
16:47	0	2	2
16:48	1	3	1
16:49	1	3	2
16:50	1	3	1
16:51	1	2	1
16:52	0	2	3
16:53	1	3	2
16:54	1	4	1
16:55	1	4	1
16:56	1	3	1
16:57	1	2	1
16:58	1	4	1
16:59	1	2	3
17:00	1	3	1
17:01	1	3	1
17:02	1	3	1
17:03	0	3	1
17:04	1	2	0
17:05	1	4	0
17:06	1	4	3
17:07	1	3	3
17:08	1	3	1
17:09	1	3	1
17:10	0	2	2
17:11	1	3	1
17:12	1	4	1
17:13	0	4	1
17:14	1	3	1
17:15	1	4	1
17:16	1	5	1
17:17	0	2	0
17:18	1	2	1
17:19	1	3	2
17:20	0	2	0
17:21	0	2	1
17:22	0	3	1
17:23	0	2	2
17:24	1	3	1
17:25	1	2	1
17:26	1	2	1
17:27	0	3	1
17:28	1	4	0
17:29	1	3	2
17:30	1	2	1
17:31	1	5	2
17:32	1	4	1
17:33	1	2	1
17:34	1	3	1
17:35	0	1	2
17:36	1	3	2
17:37	1	3	0
17:38	1	2	1
17:39	1	3	2
17:40	1	2	2
17:41	1	3	1
17:42	1	2	1
17:43	1	4	1
17:44	0	2	1
17:45	1	4	1
17:46	1	5	2
17:47	1	3	1
17:48	1	2	1
17:49	1	3	1
17:50	0	2	1
17:51	1	2	1
17:52	1	3	1
17:53	1	4	2
17:54	1	2	1
17:55	0	2	0
17:56	0	2	1
17:57	1	2	1
17:58	1	3	1
17:59	0	2	1
18:00	1	2	2
18:01	1	2	2
18:02	0	2	2
18:03	1	3	1
18:04	1	2	1
18:05	1	4	2
18:06	0	2	1
18:07	1	2	1
18:08	1	2	1
18:09	0	3	1
18:10	1	2	1
18:11	1	4	2
18:12	1	3	1
18:13	1	3	2
18:14	1	2	1
18:15	1	3	1
18:16	1	3	1
18:17	1	3	2
18:18	1	3	1
18:19	1	3	1
18:20	1	2	1
18:21	1	2	1
18:22	1	2	1
18:23	0	2	1
18:24	0	2	2
18:25	0	3	1
18:26	0	2	3
18:27	0	2	1
18:28	1	3	0
18:29	1	3	1
18:30	1	4	1
18:31	0	2	1
18:32	1	2	1
18:33	1	3	1
18:34	0	2	0
18:35	1	4	1
18:36	1	2	1
18:37	1	4	2
18:38	1	2	1
18:39	1	3	1
18:40	1	3	1
18:41	1	4	1
18:42	0	1	0
18:43	1	5	1
18:44	1	3	2
18:45	0	4	2
18:46	1	2	1
18:47	1	3	1
18:48	1	3	0
18:49	1	2	1
18:50	1	2	1
18:51	1	2	1
18:52	1	2	1
18:53	1	2	1
18:54	0	2	1
18:55	0	2	2
18:56	1	3	1
18:57	1	2	1
18:58	0	2	1
18:59	1	2	1
19:00	1	3	1
19:01	1	2	1
19:02	1	3	1
19:03	1	4	1
19:04	1	5	1
19:05	1	4	2
19:06	1	4	2
19:07	1	5	2
19:08	0	2	1
19:09	1	3	1
19:10	1	3	1
19:11	1	3	2
19:12	1	3	1
19:13	0	2	1
19:14	1	3	1
19:15	1	5	1
19:16	0	1	1
19:17	1	4	1
19:18	1	2	1
19:19	1	3	2
19:20	1	4	2
19:21	1	4	1
19:22	1	2	1
19:23	1	2	1
19:24	1	4	1
19:25	0	2	1
19:26	1	2	1
19:27	1	3	2
19:28	1	3	2
19:29	1	2	2
19:30	1	3	1
19:31	1	4	2
19:32	1	4	1
19:33	1	3	0
19:34	1	4	2
19:35	1	4	1
19:36	1	3	1
19:37	1	3	1
19:38	1	3	1
19:39	1	3	1
19:40	1	2	1
19:41	0	4	1
19:42	1	4	2
19:43	1	4	1
19:44	1	3	1
19:45	1	3	2
19:46	0	3	1
19:47	1	4	1
19:48	1	4	1
19:49	1	3	2
19:50	1	4	1
19:51	0	2	0
19:52	0	2	1
19:53	1	2	1
19:54	1	3	1
19:55	1	2	1
19:56	1	4	2
19:57	1	2	2
19:58	1	3	1
19:59	0	3	1
20:00	0	1	1
20:01	1	2	0
20:02	0	2	1
20:03	1	3	1
20:04	0	3	1
20:05	1	3	1
20:06	1	3	0
20:07	1	5	1
20:08	0	4	1
20:09	1	3	1
20:10	0	2	1
20:11	1	3	1
20:12	1	3	0
20:13	1	3	1
20:14	1	3	2
20:15	1	2	1
20:16	0	4	1
20:17	1	3	1
20:18	0	3	1
20:19	0	2	1
20:20	0	3	1
20:21	1	2	1
20:22	0	2	1
20:23	1	2	1
20:24	1	2	1
20:25	1	2	0
20:26	1	2	1
20:27	1	3	1
20:28	1	4	1
20:29	1	2	1
20:30	1	2	1
20:31	1	3	2
20:32	1	3	1
20:33	1	2	2
20:34	0	3	1
20:35	1	4	1
20:36	1	4	2
20:37	1	2	1
20:38	1	3	1
20:39	0	2	1
20:40	0	2	1
20:41	1	3	1
20:42	0	3	1
20:43	1	3	1
20:44	0	1	1
20:45	1	2	2
20:46	1	4	1
20:47	1	3	2
20:48	1	3	1
20:49	1	4	2
20:50	0	1	1
20:51	0	2	2
20:52	1	2	0
20:53	0	2	1
20:54	1	2	1
20:55	1	3	1
20:56	0	3	1
20:57	0	2	0
20:58	1	3	1
20:59	0	3	1
21:00	1	2	0
21:01	1	2	1
21:02	1	3	1
21:03	1	3	1
21:04	0	2	1
21:05	1	2	2
21:06	1	3	1
21:07	0	3	1
21:08	1	3	2
21:09	1	3	3
21:10	1	3	1
21:11	1	4	0
21:12	0	2	1
21:13	1	3	1
21:14	1	3	1
21:15	0	2	1
21:16	1	3	1
21:17	1	3	2
21:18	0	2	1
21:19	1	2	2
21:20	0	2	2
21:21	1	3	1
21:22	1	3	2
21:23	0	2	1
21:24	1	2	1
21:25	0	2	1
21:26	1	2	0
21:27	1	3	1
21:28	0	2	1
21:29	0	3	2
21:30	0	2	1
21:31	1	3	1
21:32	0	4	3
21:33	1	2	1
21:34	1	3	2
21:35	0	3	1
21:36	1	1	1
21:37	1	3	1
21:38	0	2	1
21:39	0	2	1
21:40	1	3	1
21:41	1	2	2
21:42	1	4	1
21:43	1	3	1
21:44	1	4	3
21:45	1	3	1
21:46	1	3	1
21:47	1	3	1
21:48	1	3	1
21:49	1	3	1
21:50	1	4	1
21:51	0	3	1
21:52	1	3	2
21:53	1	3	1
21:54	1	4	1
21:55	1	3	2
21:56	0	3	2
21:57	1	3	1
21:58	1	2	1
21:59	1	3	2
22:00	0	2	1
22:01	1	3	1
22:02	0	3	1
22:03	1	2	1
22:04	0	2	1
22:05	1	3	1
22:06	1	3	1
22:07	1	2	1
22:08	1	2	1
22:09	1	3	1
22:10	1	4	1
22:11	1	2	1
22:12	1	2	0
22:13	0	2	1
22:14	1	2	2
22:15	1	3	1
22:16	1	3	1
22:17	1	3	1
22:18	0	1	1
22:19	0	2	1
22:20	0	0	0
22:21	0	2	1
22:22	1	3	0
22:23	0	2	1
22:24	1	3	1
22:25	1	2	1
22:26	1	3	1
22:27	1	3	0
22:28	1	3	1
22:29	1	3	0
22:30	1	3	0
22:31	0	3	2
22:32	1	3	1
22:33	0	2	1
22:34	1	3	1
22:35	1	3	1
22:36	0	3	1
22:37	1	3	1
22:38	0	3	2
22:39	0	2	1
22:40	1	2	1
22:41	0	2	2
22:42	1	2	1
22:43	0	2	1
22:44	0	2	1
22:45	1	2	0
22:46	1	2	1
22:47	0	2	1
22:48	1	2	1
22:49	0	3	2
22:50	1	2	1
22:51	1	3	2
22:52	0	3	1
22:53	0	2	1
22:54	1	3	0
22:55	0	3	1
22:56	1	4	1
22:57	0	1	1
22:58	1	2	0
22:59	1	2	0
23:00	1	2	1
23:01	0	2	1
23:02	1	2	1
23:03	1	3	1
23:04	1	2	0
23:05	0	1	1
23:06	0	2	1
23:07	1	2	1
23:08	0	5	2
23:09	1	3	1
23:10	0	1	1
23:11	1	2	1
23:12	1	2	1
23:13	1	3	2
23:14	1	3	0
23:15	1	3	1
23:16	0	2	1
23:17	1	2	1
23:18	1	2	1
23:19	1	3	1
23:20	1	3	1
23:21	1	3	2
23:22	0	2	2
23:23	0	2	2
23:24	0	3	1
23:25	1	3	1
23:26	1	3	1
23:27	0	2	0
23:28	1	3	1
23:29	0	1	1
23:30	1	2	1
23:31	0	1	0
23:32	0	2	0
23:33	0	0	1
23:34	0	3	1
23:35	1	4	1
23:36	1	5	2
23:37	1	3	1
23:38	1	4	1
23:39	1	3	1
23:40	1	4	1
23:41	1	2	1
23:42	1	2	1
23:43	1	3	2
23:44	0	1	1
23:45	1	3	1
23:46	1	3	0
23:47	1	2	1
23:48	1	2	1
23:49	1	2	1
23:50	1	2	2
23:51	1	2	1
23:52	1	2	1
23:53	0	2	0
23:54	1	2	1
23:55	1	3	1
23:56	0	3	2
23:57	1	3	1
23:58	1	3	1
23:59	1	3	2
