x	Case Lock Failures	Case Closed Exceptions	FRM-C Timeouts	FRM-C Responses
0	0	0	0	0
00:00	12	10	0	308
00:00	4	2	0	202
00:01	4	1	0	190
00:02	4	0	0	223
00:03	3	0	0	259
00:04	3	1	0	221
00:05	6	0	0	244
00:06	5	1	0	266
00:07	8	4	0	243
00:08	6	0	0	259
00:09	3	0	0	257
00:10	4	1	0	292
00:11	4	0	0	308
00:12	4	0	0	248
00:13	5	2	0	235
00:14	4	3	0	280
00:15	1	3	0	242
00:16	3	1	0	253
00:17	3	0	0	202
00:18	5	2	0	242
00:19	1	1	0	266
00:20	0	1	0	197
00:21	0	2	0	230
00:22	4	3	0	238
00:23	6	1	0	270
00:24	7	1	0	265
00:25	5	0	0	255
00:26	3	2	0	218
00:27	5	1	0	230
00:28	4	2	0	219
00:29	4	2	0	222
00:30	10	1	0	230
00:31	8	5	0	235
00:32	3	7	0	258
00:33	3	1	0	261
00:34	5	2	0	305
00:35	4	2	0	301
00:36	3	1	0	222
00:37	6	2	0	255
00:38	9	1	0	263
00:39	4	0	0	240
00:40	9	1	0	271
00:41	11	2	0	217
00:42	11	2	0	234
00:43	9	3	0	244
00:44	3	2	0	192
00:45	5	0	0	207
00:46	8	2	0	209
00:47	6	3	0	227
00:48	3	2	0	249
00:49	8	4	0	220
00:50	6	4	0	230
00:51	2	5	0	188
00:52	2	2	0	206
00:53	5	2	0	294
00:54	3	2	0	224
00:55	3	1	0	231
00:56	3	0	0	288
00:57	3	1	0	199
00:58	2	0	0	158
00:59	6	1	0	185
01:00	7	1	0	185
01:01	4	6	0	232
01:02	3	2	0	220
01:03	3	0	0	268
01:04	3	1	0	207
01:05	5	3	0	194
01:06	6	2	0	208
01:07	3	3	0	252
01:08	7	2	0	266
01:09	0	2	0	256
01:10	2	1	0	215
01:11	4	3	0	176
01:12	5	1	0	251
01:13	3	2	0	266
01:14	6	0	0	171
01:15	5	3	0	190
01:16	2	10	0	203
01:17	5	4	0	212
01:18	3	2	0	211
01:19	3	1	0	203
01:20	3	4	0	170
01:21	4	0	0	181
01:22	2	0	0	178
01:23	7	3	0	187
01:24	1	2	0	210
01:25	4	2	0	184
01:26	6	1	0	202
01:27	5	6	0	197
01:28	2	4	0	192
01:29	5	0	0	153
01:30	3	4	0	181
01:31	4	1	0	169
01:32	2	2	0	171
01:33	1	0	0	167
01:34	3	1	0	184
01:35	4	0	0	166
01:36	3	5	0	203
01:37	2	1	0	222
01:38	3	1	0	211
01:39	3	3	0	153
01:40	1	0	0	179
01:41	5	0	0	171
01:42	1	1	0	166
01:43	8	1	0	216
01:44	3	1	0	153
01:45	5	2	0	165
01:46	4	0	0	193
01:47	6	0	0	189
01:48	5	3	0	201
01:49	3	0	0	194
01:50	2	0	0	155
01:51	7	0	0	154
01:52	3	3	0	181
01:53	7	2	0	214
01:54	3	1	0	187
01:55	4	2	0	195
01:56	3	1	0	171
01:57	4	0	0	204
01:58	2	3	0	190
01:59	3	2	0	212
02:00	3	2	0	168
02:01	3	0	0	183
02:02	5	0	0	168
02:03	6	2	0	189
02:04	5	3	0	183
02:05	6	0	0	234
02:06	6	1	0	249
02:07	2	1	0	248
02:08	3	4	0	251
02:09	8	2	0	280
02:10	3	2	0	218
02:11	1	3	0	172
02:12	2	2	0	159
02:13	1	3	0	176
02:14	3	0	0	214
02:15	2	2	0	222
02:16	2	3	0	167
02:17	3	2	0	146
02:18	5	0	0	188
02:19	4	1	0	200
02:20	3	4	0	159
02:21	4	1	0	193
02:22	4	1	0	170
02:23	6	0	0	204
02:24	4	1	0	158
02:25	6	0	0	186
02:26	3	1	0	205
02:27	2	0	0	156
02:28	2	0	0	175
02:29	6	3	0	200
02:30	5	1	0	175
02:31	1	0	0	195
02:32	3	1	0	178
02:33	3	3	0	168
02:34	3	4	0	211
02:35	2	1	0	176
02:36	2	0	0	158
02:37	5	1	0	144
02:38	6	1	0	213
02:39	5	1	0	164
02:40	2	0	0	190
02:41	2	1	0	157
02:42	1	3	0	173
02:43	3	0	0	163
02:44	5	2	0	218
02:45	4	0	0	229
02:46	0	3	0	199
02:47	3	0	0	179
02:48	1	0	0	180
02:49	1	0	0	180
02:50	2	0	0	195
02:51	6	3	0	177
02:52	2	1	0	151
02:53	1	0	0	173
02:54	2	0	0	199
02:55	2	1	0	169
02:56	1	1	0	205
02:57	1	0	0	168
02:58	0	1	0	172
02:59	4	2	0	191
03:00	2	0	0	179
03:01	3	1	0	179
03:02	2	0	0	188
03:03	5	0	0	217
03:04	3	0	0	266
03:05	2	1	0	237
03:06	3	0	0	215
03:07	1	2	0	188
03:08	3	0	0	173
03:09	1	0	0	195
03:10	2	0	0	225
03:11	5	2	0	205
03:12	4	0	0	166
03:13	4	2	0	153
03:14	0	1	0	185
03:15	2	0	0	170
03:16	3	0	0	174
03:17	2	2	0	129
03:18	4	2	0	205
03:19	6	1	0	190
03:20	3	2	0	174
03:21	3	0	0	183
03:22	8	1	0	206
03:23	3	1	0	161
03:24	2	4	0	184
03:25	2	3	0	158
03:26	3	0	0	149
03:27	4	2	0	132
03:28	4	4	0	158
03:29	4	2	0	172
03:30	6	0	0	144
03:31	5	1	0	172
03:32	5	2	0	176
03:33	5	1	0	160
03:34	1	2	0	143
03:35	2	0	0	139
03:36	4	0	0	133
03:37	6	1	0	172
03:38	1	3	0	138
03:39	4	1	0	160
03:40	1	0	0	129
03:41	3	0	0	164
03:42	2	1	0	153
03:43	3	0	0	162
03:44	8	1	0	182
03:45	5	0	0	161
03:46	0	2	0	142
03:47	4	1	0	125
03:48	5	2	0	140
03:49	5	3	0	181
03:50	4	1	0	188
03:51	2	0	0	191
03:52	1	1	0	161
03:53	5	1	0	151
03:54	0	1	0	182
03:55	3	0	0	154
03:56	4	0	0	177
03:57	2	2	0	176
03:58	2	0	0	161
03:59	0	1	0	126
04:00	2	1	0	148
04:01	4	3	0	158
04:02	5	0	0	149
04:03	2	2	0	138
04:04	8	0	0	148
04:05	3	0	0	154
04:06	3	1	0	131
04:07	4	1	0	185
04:08	2	0	0	120
04:09	3	2	0	139
04:10	6	4	0	153
04:11	4	0	0	137
04:12	6	0	0	154
04:13	3	0	0	165
04:14	1	1	0	142
04:15	1	1	0	124
04:16	3	1	0	163
04:17	3	2	0	159
04:18	4	0	0	150
04:19	7	3	0	139
04:20	2	0	0	123
04:21	3	1	0	117
04:22	4	0	0	117
04:23	3	0	0	116
04:24	0	0	0	112
04:25	3	1	0	160
04:26	3	0	0	148
04:27	3	1	0	145
04:28	3	1	0	145
04:29	4	0	0	154
04:30	4	1	0	154
04:31	2	2	0	149
04:32	4	2	0	161
04:33	4	0	0	166
04:34	6	1	0	131
04:35	2	2	0	136
04:36	1	2	0	127
04:37	4	1	0	143
04:38	3	0	0	127
04:39	3	2	0	140
04:40	2	2	0	162
04:41	1	0	0	105
04:42	5	0	0	114
04:43	3	0	0	111
04:44	1	0	0	135
04:45	2	0	0	122
04:46	1	1	0	150
04:47	1	0	0	81
04:48	3	3	0	121
04:49	1	1	0	123
04:50	5	0	0	156
04:51	1	0	0	151
04:52	2	0	0	115
04:53	4	0	0	132
04:54	2	1	0	125
04:55	1	0	0	126
04:56	4	0	0	118
04:57	2	2	0	105
04:58	2	0	0	127
04:59	3	0	0	104
05:00	1	1	0	85
05:01	3	0	0	147
05:02	1	0	0	165
05:03	1	0	0	150
05:04	1	0	0	115
05:05	3	0	0	115
05:06	2	0	0	149
05:07	1	0	0	170
05:08	2	1	0	112
05:09	3	0	0	149
05:10	1	0	0	143
05:11	2	0	0	140
05:12	2	0	0	157
05:13	7	0	0	167
05:14	5	2	0	161
05:15	1	0	0	136
05:16	4	0	0	188
05:17	6	0	0	163
05:18	5	0	0	151
05:19	5	0	0	144
05:20	4	2	0	102
05:21	4	0	0	98
05:22	3	1	0	133
05:23	1	0	0	106
05:24	4	0	0	138
05:25	3	0	0	142
05:26	4	2	0	155
05:27	5	2	0	138
05:28	7	2	0	192
05:29	7	0	0	125
05:30	6	1	0	158
05:31	3	2	0	161
05:32	4	1	0	152
05:33	3	0	0	170
05:34	7	3	0	171
05:35	3	0	0	123
05:36	1	2	0	133
05:37	3	1	0	148
05:38	1	0	0	147
05:39	4	0	0	126
05:40	5	0	0	145
05:41	1	1	0	151
05:42	0	1	0	126
05:43	2	0	0	125
05:44	2	0	0	169
05:45	1	1	0	122
05:46	6	1	0	157
05:47	4	1	0	132
05:48	3	0	0	140
05:49	1	3	0	143
05:50	4	1	0	170
05:51	4	1	0	170
05:52	2	1	0	158
05:53	5	0	0	158
05:54	5	0	0	153
05:55	2	0	0	134
05:56	1	0	0	151
05:57	2	1	0	114
05:58	2	0	0	126
05:59	4	1	0	136
06:00	5	0	0	141
06:01	5	2	0	126
06:02	3	3	0	95
06:03	1	1	0	141
06:04	3	0	0	96
06:05	3	1	0	115
06:06	4	0	0	137
06:07	5	1	0	125
06:08	3	1	0	123
06:09	1	0	0	110
06:10	1	0	0	118
06:11	1	0	0	102
06:12	1	0	0	105
06:13	2	0	0	84
06:14	1	0	0	94
06:15	5	0	0	108
06:16	1	1	0	101
06:17	1	0	0	124
06:18	6	2	0	140
06:19	1	0	0	97
06:20	1	0	0	111
06:21	4	1	0	108
06:22	0	0	0	107
06:23	4	0	0	119
06:24	6	2	0	121
06:25	5	1	0	120
06:26	1	0	0	139
06:27	1	0	0	120
06:28	1	0	0	94
06:29	3	0	0	115
06:30	0	0	0	102
06:31	2	0	0	123
06:32	2	0	0	121
06:33	5	0	0	123
06:34	1	0	0	107
06:35	3	1	0	106
06:36	1	1	0	124
06:37	2	0	0	101
06:38	4	0	0	100
06:39	2	0	0	98
06:40	1	0	0	102
06:41	4	0	0	104
06:42	3	1	0	125
06:43	1	0	0	101
06:44	3	0	0	94
06:45	5	0	0	111
06:46	4	0	0	82
06:47	2	0	0	92
06:48	3	0	0	104
06:49	2	0	0	96
06:50	2	0	0	111
06:51	2	0	0	91
06:52	2	0	0	98
06:53	2	0	0	113
06:54	1	0	0	77
06:55	3	0	0	96
06:56	1	0	0	84
06:57	3	0	0	102
06:58	7	0	0	110
06:59	2	1	0	96
07:00	6	0	0	116
07:01	1	0	0	109
07:02	0	0	0	103
07:03	2	0	0	140
07:04	4	0	0	105
07:05	2	0	0	103
07:06	4	0	0	116
07:07	1	0	0	97
07:08	1	0	0	96
07:09	1	0	0	83
07:10	1	0	0	93
07:11	1	0	0	84
07:12	4	0	0	98
07:13	3	0	0	104
07:14	4	1	0	103
07:15	4	1	0	112
07:16	2	0	0	96
07:17	1	0	0	122
07:18	4	0	0	86
07:19	7	2	0	91
07:20	0	0	0	92
07:21	4	0	0	111
07:22	1	0	0	114
07:23	1	2	0	89
07:24	2	0	0	80
07:25	1	0	0	101
07:26	2	0	0	95
07:27	2	0	0	102
07:28	4	0	0	108
07:29	3	0	0	85
07:30	5	0	0	99
07:31	3	0	0	96
07:32	7	2	0	109
07:33	2	0	0	68
07:34	2	0	0	91
07:35	2	0	0	114
07:36	3	0	0	115
07:37	2	0	0	104
07:38	1	0	0	87
07:39	0	1	0	70
07:40	2	0	0	72
07:41	5	0	0	97
07:42	0	0	0	72
07:43	4	0	0	110
07:44	2	0	0	100
07:45	2	0	0	88
07:46	1	0	0	109
07:47	0	0	0	86
07:48	3	0	0	109
07:49	2	0	0	103
07:50	1	2	0	99
07:51	4	0	0	113
07:52	4	0	0	132
07:53	2	0	0	128
07:54	4	0	0	95
07:55	2	1	0	62
07:56	2	0	0	94
07:57	3	0	0	83
07:58	3	0	0	84
07:59	0	0	0	106
08:00	1	0	0	103
08:01	4	2	0	106
08:02	0	0	0	98
08:03	0	2	0	103
08:04	3	0	0	89
08:05	2	0	0	106
08:06	0	0	0	93
08:07	4	0	0	81
08:08	4	0	0	99
08:09	4	0	0	111
08:10	2	0	0	105
08:11	2	0	0	67
08:12	5	0	0	101
08:13	4	0	0	106
08:14	1	0	0	87
08:15	2	1	0	68
08:16	1	0	0	71
08:17	3	0	0	91
08:18	3	0	0	100
08:19	2	0	0	93
08:20	0	0	0	91
08:21	4	0	0	91
08:22	0	0	0	90
08:23	3	0	0	85
08:24	4	0	0	123
08:25	1	0	0	83
08:26	2	0	0	100
08:27	1	0	0	76
08:28	2	0	0	99
08:29	2	0	0	91
08:30	0	4	0	83
08:31	3	3	0	77
08:32	3	1	0	71
08:33	1	1	0	68
08:34	2	0	0	87
08:35	3	0	0	80
08:36	2	0	0	94
08:37	2	0	0	94
08:38	0	0	0	81
08:39	3	0	0	95
08:40	1	0	0	78
08:41	4	0	0	83
08:42	1	0	0	66
08:43	3	0	0	82
08:44	2	0	0	74
08:45	2	0	0	58
08:46	2	0	0	75
08:47	2	0	0	72
08:48	0	0	0	74
08:49	4	0	0	90
08:50	2	0	0	79
08:51	2	0	0	82
08:52	3	0	0	77
08:53	5	0	0	92
08:54	3	0	0	88
08:55	4	0	0	74
08:56	1	0	0	72
08:57	3	0	0	55
08:58	2	0	0	80
08:59	2	0	0	95
09:00	2	0	0	63
09:01	2	0	0	88
09:02	2	0	0	87
09:03	5	0	0	95
09:04	1	0	0	74
09:05	3	1	0	85
09:06	1	0	0	66
09:07	0	0	0	96
09:08	2	1	0	87
09:09	3	0	0	115
09:10	2	0	0	97
09:11	3	0	0	84
09:12	0	0	0	88
09:13	3	0	0	89
09:14	3	0	0	59
09:15	2	0	0	68
09:16	3	0	0	74
09:17	1	0	0	73
09:18	5	0	0	89
09:19	4	0	0	84
09:20	2	1	0	70
09:21	2	0	0	79
09:22	2	0	0	83
09:23	1	2	0	79
09:24	1	0	0	66
09:25	3	0	0	77
09:26	2	0	0	70
09:27	3	0	0	73
09:28	4	0	0	68
09:29	2	0	0	64
09:30	2	0	0	82
09:31	1	0	0	74
09:32	1	0	0	61
09:33	3	1	0	59
09:34	3	0	0	65
09:35	4	0	0	72
09:36	3	0	0	66
09:37	2	0	0	92
09:38	1	0	0	86
09:39	3	0	0	74
09:40	2	0	0	81
09:41	3	0	0	71
09:42	0	0	0	69
09:43	2	0	0	70
09:44	2	0	0	66
09:45	4	2	0	73
09:46	6	0	0	96
09:47	4	0	0	100
09:48	3	0	0	81
09:49	0	0	0	89
09:50	1	0	0	68
09:51	0	0	0	53
09:52	3	0	0	68
09:53	2	0	0	86
09:54	3	0	0	81
09:55	3	0	0	65
09:56	2	0	0	69
09:57	2	1	0	56
09:58	0	0	0	70
09:59	0	0	0	48
10:00	1	1	0	67
10:01	1	1	0	80
10:02	2	0	0	59
10:03	4	1	0	52
10:04	4	0	0	81
10:05	0	0	0	59
10:06	1	0	0	67
10:07	1	0	0	60
10:08	3	0	0	69
10:09	1	0	0	78
10:10	2	0	0	80
10:11	0	0	0	74
10:12	0	0	0	56
10:13	4	0	0	60
10:14	1	0	0	56
10:15	1	0	0	71
10:16	4	0	0	67
10:17	2	0	0	57
10:18	0	0	0	52
10:19	2	0	0	79
10:20	1	1	0	53
10:21	3	0	0	63
10:22	1	0	0	56
10:23	1	0	0	61
10:24	0	0	0	50
10:25	4	1	0	50
10:26	3	0	0	81
10:27	1	0	0	76
10:28	3	0	0	96
10:29	1	0	0	69
10:30	2	0	0	73
10:31	0	0	0	68
10:32	1	0	0	78
10:33	0	0	0	73
10:34	2	0	0	74
10:35	0	0	0	57
10:36	1	0	0	61
10:37	0	0	0	53
10:38	3	0	0	64
10:39	0	0	0	43
10:40	1	0	0	52
10:41	3	0	0	64
10:42	1	0	0	69
10:43	2	0	0	78
10:44	1	0	0	56
10:45	1	0	0	82
10:46	2	0	0	75
10:47	4	2	0	94
10:48	1	0	0	58
10:49	4	0	0	74
10:50	3	0	0	81
10:51	1	0	0	55
10:52	2	0	0	67
10:53	0	0	0	72
10:54	0	0	0	71
10:55	1	0	0	88
10:56	2	0	0	74
10:57	2	0	0	69
10:58	2	0	0	70
10:59	1	0	0	82
11:00	1	0	0	81
11:01	3	0	0	91
11:02	1	3	0	81
11:03	3	0	0	69
11:04	1	0	0	73
11:05	1	0	0	62
11:06	2	0	0	75
11:07	0	0	0	73
11:08	2	1	0	73
11:09	1	0	0	80
11:10	6	0	0	113
11:11	2	0	0	111
11:12	0	0	0	84
11:13	2	1	0	95
11:14	1	0	0	63
11:15	2	0	0	87
11:16	2	0	0	72
11:17	2	0	0	91
11:18	2	0	0	90
11:19	3	1	0	68
11:20	2	0	0	86
11:21	1	0	0	62
11:22	2	0	0	70
11:23	1	0	0	85
11:24	0	2	0	65
11:25	4	0	0	79
11:26	7	0	0	79
11:27	1	0	0	84
11:28	1	0	0	78
11:29	2	0	0	67
11:30	1	0	0	72
11:31	2	0	0	68
11:32	3	0	0	83
11:33	3	0	0	96
11:34	1	0	0	90
11:35	0	0	0	78
11:36	4	0	0	94
11:37	0	0	0	43
11:38	1	0	0	91
11:39	0	0	0	79
11:40	3	1	0	71
11:41	3	0	0	76
11:42	5	0	0	79
11:43	2	0	0	88
11:44	4	0	0	73
11:45	2	1	0	97
11:46	0	0	0	85
11:47	4	0	0	66
11:48	1	0	0	63
11:49	3	1	0	98
11:50	1	0	0	80
11:51	2	3	0	84
11:52	1	1	0	76
11:53	2	0	0	78
11:54	3	0	0	72
11:55	0	0	0	78
11:56	0	0	0	85
11:57	2	0	0	71
11:58	0	0	0	73
11:59	2	0	0	83
12:00	2	0	0	128
12:01	1	0	0	129
12:02	0	1	0	115
12:03	3	0	0	122
12:04	3	0	0	117
12:05	2	2	0	146
12:06	0	1	0	130
12:07	3	2	0	133
12:08	2	1	0	140
12:09	1	0	0	115
12:10	2	3	0	120
12:11	3	2	0	168
12:12	2	0	0	131
12:13	4	0	0	129
12:14	6	3	0	133
12:15	2	1	0	139
12:16	1	0	0	157
12:17	4	0	0	193
12:18	6	1	0	175
12:19	5	2	0	157
12:20	3	1	0	156
12:21	4	3	0	167
12:22	5	1	0	175
12:23	4	1	0	167
12:24	7	6	0	185
12:25	3	5	0	161
12:26	1	1	0	153
12:27	3	1	0	188
12:28	2	1	0	173
12:29	2	1	0	165
12:30	2	4	0	144
12:31	5	2	0	190
12:32	4	1	0	188
12:33	3	1	0	217
12:34	2	1	0	190
12:35	4	0	0	177
12:36	5	2	0	154
12:37	4	0	0	188
12:38	9	1	0	186
12:39	3	1	0	219
12:40	0	3	0	187
12:41	0	0	0	145
12:42	1	1	0	187
12:43	4	0	0	181
12:44	1	3	0	166
12:45	3	1	0	165
12:46	3	1	0	190
12:47	6	2	0	159
12:48	4	5	0	211
12:49	3	3	0	185
12:50	4	2	0	206
12:51	2	4	0	187
12:52	3	3	0	176
12:53	1	2	0	195
12:54	1	2	0	184
12:55	3	1	0	223
12:56	3	3	0	204
12:57	1	3	0	215
12:58	3	3	0	165
12:59	4	2	0	170
13:00	5	3	0	238
13:01	4	3	0	194
13:02	1	3	0	227
13:03	1	0	0	187
13:04	2	3	0	188
13:05	3	3	0	204
13:06	2	4	0	203
13:07	2	2	0	217
13:08	0	2	0	219
13:09	2	1	0	191
13:10	6	7	0	202
13:11	2	4	0	210
13:12	4	1	0	211
13:13	4	4	0	234
13:14	1	2	0	258
13:15	4	5	0	265
13:16	3	1	0	142
13:17	0	0	0	159
13:18	1	1	0	150
13:19	2	1	0	166
13:20	3	1	0	196
13:21	3	1	0	252
13:22	3	3	0	173
13:23	8	2	0	187
13:24	2	2	0	194
13:25	1	2	0	186
13:26	7	1	0	207
13:27	7	3	0	186
13:28	4	2	0	176
13:29	0	2	0	134
13:30	4	4	0	169
13:31	1	2	0	179
13:32	1	1	0	204
13:33	3	0	0	162
13:34	3	2	0	183
13:35	3	1	0	173
13:36	3	0	0	217
13:37	3	3	0	172
13:38	3	0	0	187
13:39	2	1	0	205
13:40	3	0	0	180
13:41	2	0	0	173
13:42	5	2	0	150
13:43	1	3	0	178
13:44	2	0	0	192
13:45	1	0	0	177
13:46	3	2	0	184
13:47	8	6	0	185
13:48	1	4	0	163
13:49	4	2	0	163
13:50	2	3	0	162
13:51	7	2	0	183
13:52	4	4	0	176
13:53	6	1	0	196
13:54	4	3	0	178
13:55	1	2	0	155
13:56	2	1	0	158
13:57	2	1	0	160
13:58	7	1	0	166
13:59	4	1	0	184
14:00	4	1	0	177
14:01	5	1	0	180
14:02	4	1	0	164
14:03	4	2	0	167
14:04	6	1	0	166
14:05	4	2	0	184
14:06	3	2	0	191
14:07	2	1	0	168
14:08	1	2	0	161
14:09	2	2	0	175
14:10	2	1	0	191
14:11	2	3	0	182
14:12	6	0	0	173
14:13	5	1	0	171
14:14	3	1	0	181
14:15	1	4	0	158
14:16	3	2	0	187
14:17	2	1	0	199
14:18	1	1	0	157
14:19	2	1	0	185
14:20	2	1	0	143
14:21	1	1	0	130
14:22	4	2	0	170
14:23	2	2	0	169
14:24	2	1	0	154
14:25	4	0	0	156
14:26	5	2	0	126
14:27	7	3	0	150
14:28	3	4	0	154
14:29	3	1	0	195
14:30	0	0	0	183
14:31	3	3	0	126
14:32	1	0	0	137
14:33	5	3	0	187
14:34	5	4	0	159
14:35	4	0	0	153
14:36	5	3	0	138
14:37	5	2	0	153
14:38	3	2	0	155
14:39	4	4	0	137
14:40	1	2	0	121
14:41	4	1	0	120
14:42	3	3	0	132
14:43	5	0	0	132
14:44	3	0	0	145
14:45	2	1	0	167
14:46	3	3	0	155
14:47	3	2	0	145
14:48	3	2	0	140
14:49	1	1	0	109
14:50	4	3	0	152
14:51	3	0	0	150
14:52	6	3	0	163
14:53	2	2	0	146
14:54	2	1	0	105
14:55	2	0	0	142
14:56	5	1	0	125
14:57	2	3	0	157
14:58	0	1	0	165
14:59	2	0	0	145
15:00	3	0	0	144
15:01	2	0	0	165
15:02	2	0	0	171
15:03	2	0	0	135
15:04	6	3	0	151
15:05	3	2	0	177
15:06	2	1	0	128
15:07	2	2	0	145
15:08	2	2	0	191
15:09	3	2	0	189
15:10	4	2	0	184
15:11	3	2	0	140
15:12	9	1	0	208
15:13	7	3	0	201
15:14	2	3	0	186
15:15	3	3	0	196
15:16	3	2	0	162
15:17	5	0	0	208
15:18	6	3	0	191
15:19	7	5	0	178
15:20	6	0	0	203
15:21	5	1	0	190
15:22	4	1	0	159
15:23	4	5	0	225
15:24	6	3	0	247
15:25	2	2	0	140
15:26	2	2	0	178
15:27	3	3	0	178
15:28	3	4	0	206
15:29	1	4	0	184
15:30	2	3	0	175
15:31	4	3	0	180
15:32	4	3	0	227
15:33	4	1	0	207
15:34	3	1	0	195
15:35	2	0	0	164
15:36	3	1	0	159
15:37	1	2	0	186
15:38	2	1	0	186
15:39	3	0	0	171
15:40	4	4	0	182
15:41	5	3	0	194
15:42	8	5	0	229
15:43	4	0	0	212
15:44	2	4	0	174
15:45	3	3	0	174
15:46	1	0	0	170
15:47	2	2	0	216
15:48	2	2	0	213
15:49	3	3	0	230
15:50	3	3	0	193
15:51	3	9	0	203
15:52	2	3	0	167
15:53	5	4	0	194
15:54	0	4	0	206
15:55	3	0	0	208
15:56	4	3	0	195
15:57	3	3	0	173
15:58	2	1	0	203
15:59	3	2	0	208
16:00	7	2	0	218
16:01	3	2	0	215
16:02	3	0	0	169
16:03	3	4	0	176
16:04	5	9	0	216
16:05	2	0	0	208
16:06	1	0	0	233
16:07	3	1	0	177
16:08	3	3	0	203
16:09	2	1	0	166
16:10	3	0	0	192
16:11	2	3	0	143
16:12	2	2	0	148
16:13	1	3	0	179
16:14	4	3	0	174
16:15	3	1	0	148
16:16	7	2	0	166
16:17	5	4	0	166
16:18	5	2	0	180
16:19	3	1	0	173
16:20	1	3	0	159
16:21	3	0	0	165
16:22	1	4	0	158
16:23	0	0	0	190
16:24	1	3	0	159
16:25	2	1	0	158
16:26	1	1	0	163
16:27	3	0	0	172
16:28	3	2	0	145
16:29	6	3	0	173
16:30	2	2	0	191
16:31	3	2	0	199
16:32	5	4	0	183
16:33	7	4	0	210
16:34	2	3	0	167
16:35	1	1	0	151
16:36	4	3	0	156
16:37	2	0	0	171
16:38	4	1	0	189
16:39	6	2	0	170
16:40	6	1	0	171
16:41	6	0	0	144
16:42	1	2	0	149
16:43	0	3	0	152
16:44	4	0	0	125
16:45	4	1	0	224
16:46	5	3	0	208
16:47	4	0	0	157
16:48	4	1	0	178
16:49	3	1	0	125
16:50	1	1	0	118
16:51	1	1	0	177
16:52	5	1	0	163
16:53	5	4	0	184
16:54	3	1	0	154
16:55	1	2	0	143
16:56	2	2	0	172
16:57	1	2	0	182
16:58	2	2	0	220
16:59	2	2	0	180
17:00	2	1	0	140
17:01	2	2	0	133
17:02	2	0	0	158
17:03	2	3	0	202
17:04	1	2	0	179
17:05	1	5	0	169
17:06	2	1	0	183
17:07	0	0	0	160
17:08	2	4	0	143
17:09	6	0	0	183
17:10	4	0	0	149
17:11	1	2	0	164
17:12	3	1	0	164
17:13	6	2	0	150
17:14	4	4	0	209
17:15	2	3	0	171
17:16	3	1	0	172
17:17	0	2	0	226
17:18	5	2	0	189
17:19	1	1	0	176
17:20	3	3	0	204
17:21	5	1	0	197
17:22	6	4	0	193
17:23	2	1	0	170
17:24	2	2	0	185
17:25	4	3	0	177
17:26	4	2	0	210
17:27	3	0	0	232
17:28	8	6	0	245
17:29	5	2	0	220
17:30	3	3	0	181
17:31	2	2	0	166
17:32	4	2	0	201
17:33	5	3	0	213
17:34	6	1	0	182
17:35	5	3	0	172
17:36	4	3	0	175
17:37	4	2	0	209
17:38	2	1	0	201
17:39	3	4	0	193
17:40	1	3	0	173
17:41	7	4	0	177
17:42	2	1	0	156
17:43	4	1	0	157
17:44	5	3	0	220
17:45	2	4	0	177
17:46	5	1	0	178
17:47	4	3	0	173
17:48	2	2	0	181
17:49	3	5	0	202
17:50	3	2	0	188
17:51	5	1	0	201
17:52	5	1	0	183
17:53	1	2	0	217
17:54	5	1	0	165
17:55	2	2	0	176
17:56	6	0	0	188
17:57	2	3	0	188
17:58	3	1	0	162
17:59	6	2	0	170
18:00	6	1	0	159
18:01	5	2	0	178
18:02	3	2	0	165
18:03	7	2	0	196
18:04	3	2	0	158
18:05	4	1	0	131
18:06	6	1	0	177
18:07	5	1	0	179
18:08	4	4	0	204
18:09	6	1	0	193
18:10	6	0	0	132
18:11	4	1	0	163
18:12	2	0	0	184
18:13	4	1	0	177
18:14	2	1	0	193
18:15	5	1	0	173
18:16	0	5	0	184
18:17	4	3	0	177
18:18	6	1	0	184
18:19	4	1	0	183
18:20	4	4	0	193
18:21	3	2	0	193
18:22	3	1	0	210
18:23	2	5	0	199
18:24	1	2	0	158
18:25	2	2	0	178
18:26	3	2	0	194
18:27	2	1	0	140
18:28	5	0	0	186
18:29	2	1	0	155
18:30	6	0	0	170
18:31	6	4	0	186
18:32	3	1	0	152
18:33	5	1	0	171
18:34	8	2	0	171
18:35	7	1	0	174
18:36	5	2	0	194
18:37	3	2	0	199
18:38	6	0	0	179
18:39	5	4	0	190
18:40	2	1	0	147
18:41	4	2	0	180
18:42	2	1	0	183
18:43	2	5	0	213
18:44	1	1	0	164
18:45	2	0	0	162
18:46	2	3	0	190
18:47	4	1	0	175
18:48	4	2	0	188
18:49	4	3	0	233
18:50	4	3	0	261
18:51	3	2	0	227
18:52	5	3	0	236
18:53	1	5	0	219
18:54	1	1	0	229
18:55	1	1	0	196
18:56	2	4	0	178
18:57	1	3	0	134
18:58	4	0	0	169
18:59	2	1	0	155
19:00	1	0	0	139
19:01	2	3	0	140
19:02	0	1	0	133
19:03	3	1	0	178
19:04	3	1	0	151
19:05	2	2	0	151
19:06	10	0	0	206
19:07	7	2	0	187
19:08	4	1	0	176
19:09	8	1	0	147
19:10	7	1	0	176
19:11	4	2	0	213
19:12	5	3	0	252
19:13	1	3	0	175
19:14	6	1	0	181
19:15	4	2	0	196
19:16	2	4	0	211
19:17	2	2	0	209
19:18	9	3	0	178
19:19	0	2	0	176
19:20	4	1	0	204
19:21	5	1	0	215
19:22	5	3	0	203
19:23	5	1	0	163
19:24	4	1	0	189
19:25	5	4	0	152
19:26	5	2	0	167
19:27	5	3	0	210
19:28	4	1	0	190
19:29	4	2	0	182
19:30	4	3	0	185
19:31	6	4	0	218
19:32	5	1	0	241
19:33	6	4	0	198
19:34	5	0	0	153
19:35	4	2	0	209
19:36	5	0	0	160
19:37	2	1	0	176
19:38	3	4	0	188
19:39	3	2	0	190
19:40	4	4	0	167
19:41	6	4	0	221
19:42	8	2	0	237
19:43	3	1	0	180
19:44	5	2	0	216
19:45	3	3	0	147
19:46	10	3	0	194
19:47	6	4	0	187
19:48	5	2	0	207
19:49	5	0	0	183
19:50	2	3	0	164
19:51	4	0	0	199
19:52	2	2	0	218
19:53	8	2	0	188
19:54	4	2	0	208
19:55	2	2	0	194
19:56	6	2	0	215
19:57	10	2	0	219
19:58	8	2	0	218
19:59	6	2	0	207
20:00	3	3	0	174
20:01	1	4	0	156
20:02	4	2	0	231
20:03	3	3	0	198
20:04	2	1	0	207
20:05	1	3	0	155
20:06	4	0	0	191
20:07	5	2	0	180
20:08	1	2	0	209
20:09	4	3	0	217
20:10	3	1	0	212
20:11	4	0	0	171
20:12	5	3	0	183
20:13	4	1	0	155
20:14	4	4	0	207
20:15	4	2	0	201
20:16	1	2	0	174
20:17	3	4	0	194
20:18	2	3	0	180
20:19	4	1	0	162
20:20	1	2	0	170
20:21	5	1	0	235
20:22	3	2	0	210
20:23	8	1	0	216
20:24	3	0	0	210
20:25	5	1	0	186
20:26	6	1	0	188
20:27	7	2	0	189
20:28	4	4	0	188
20:29	5	3	0	190
20:30	4	2	0	213
20:31	0	1	0	214
20:32	5	3	0	181
20:33	4	3	0	154
20:34	5	3	0	160
20:35	6	0	0	166
20:36	6	3	0	179
20:37	1	3	0	179
20:38	3	0	0	215
20:39	3	1	0	167
20:40	6	5	0	204
20:41	4	1	0	185
20:42	5	3	0	188
20:43	1	2	0	163
20:44	6	1	0	183
20:45	6	2	0	153
20:46	6	0	0	235
20:47	3	3	0	203
20:48	5	3	0	175
20:49	2	0	0	180
20:50	0	1	0	147
20:51	1	1	0	163
20:52	3	2	0	180
20:53	4	3	0	179
20:54	5	1	0	166
20:55	5	0	0	180
20:56	5	3	0	199
20:57	5	3	0	238
20:58	2	0	0	195
20:59	4	1	0	135
21:00	3	1	0	144
21:01	10	0	0	208
21:02	5	2	0	158
21:03	3	2	0	232
21:04	1	5	0	196
21:05	1	0	0	190
21:06	1	0	0	184
21:07	9	1	0	238
21:08	5	5	0	228
21:09	2	2	0	203
21:10	1	3	0	195
21:11	5	1	0	168
21:12	3	3	0	190
21:13	7	1	0	179
21:14	5	2	0	195
21:15	2	4	0	179
21:16	1	0	0	197
21:17	3	2	0	174
21:18	2	1	0	178
21:19	2	2	0	170
21:20	7	1	0	217
21:21	4	4	0	164
21:22	4	2	0	197
21:23	3	0	0	193
21:24	5	0	0	210
21:25	5	3	0	227
21:26	2	3	0	188
21:27	3	3	0	171
21:28	2	1	0	176
21:29	4	4	0	221
21:30	3	1	0	197
21:31	6	0	0	194
21:32	3	0	0	163
21:33	3	0	0	173
21:34	5	1	0	215
21:35	2	3	0	238
21:36	4	1	0	193
21:37	3	1	0	175
21:38	4	3	0	225
21:39	5	2	0	204
21:40	2	2	0	183
21:41	4	3	0	232
21:42	1	7	0	205
21:43	5	2	0	240
21:44	2	4	0	199
21:45	2	0	0	232
21:46	4	2	0	186
21:47	3	0	0	196
21:48	2	1	0	177
21:49	5	1	0	183
21:50	7	0	0	265
21:51	4	1	0	162
21:52	0	1	0	167
21:53	5	2	0	199
21:54	12	0	0	224
21:55	3	4	0	227
21:56	6	2	0	224
21:57	4	3	0	182
21:58	6	4	0	243
21:59	3	1	0	194
22:00	4	2	0	218
22:01	4	1	0	206
22:02	8	4	0	239
22:03	1	2	0	188
22:04	3	4	0	187
22:05	1	0	0	178
22:06	4	2	0	177
22:07	4	4	0	178
22:08	3	3	0	210
22:09	3	2	0	206
22:10	3	3	0	194
22:11	8	6	0	231
22:12	0	1	0	218
22:13	2	2	0	248
22:14	4	3	0	222
22:15	4	1	0	181
22:16	2	2	0	179
22:17	4	0	0	193
22:18	4	0	0	161
22:19	5	1	0	184
22:20	2	1	0	199
22:21	6	0	0	204
22:22	4	2	0	161
22:23	6	3	0	205
22:24	2	2	0	171
22:25	5	1	0	202
22:26	4	1	0	225
22:27	4	1	0	198
22:28	4	2	0	215
22:29	2	1	0	159
22:30	4	2	0	231
22:31	4	7	0	205
22:32	4	0	0	182
22:33	5	3	0	191
22:34	6	1	0	235
22:35	6	4	0	217
22:36	1	4	0	233
22:37	0	3	0	206
22:38	1	2	0	197
22:39	5	1	0	174
22:40	3	2	0	202
22:41	4	1	0	164
22:42	2	0	0	166
22:43	1	1	0	209
22:44	1	0	0	150
22:45	5	2	0	193
22:46	5	0	0	171
22:47	5	4	0	201
22:48	6	3	0	175
22:49	6	1	0	185
22:50	2	0	0	234
22:51	7	3	0	253
22:52	2	4	0	178
22:53	2	5	0	210
22:54	4	2	0	167
22:55	4	6	0	182
22:56	5	0	0	176
22:57	2	4	0	207
22:58	7	2	0	187
22:59	7	3	0	212
23:00	2	3	0	189
23:01	5	4	0	172
23:02	1	4	0	200
23:03	4	2	0	205
23:04	1	0	0	227
23:05	1	1	0	267
23:06	2	1	0	207
23:07	0	0	0	206
23:08	7	0	0	250
23:09	4	2	0	271
23:10	2	0	0	234
23:11	7	0	0	240
23:12	1	2	0	211
23:13	6	2	0	206
23:14	3	3	0	239
23:15	5	2	0	221
23:16	2	0	0	178
23:17	4	5	0	187
23:18	3	2	0	187
23:19	5	4	0	201
23:20	8	2	0	182
23:21	7	2	0	159
23:22	10	5	0	167
23:23	8	3	0	148
23:24	5	1	0	159
23:25	4	4	0	166
23:26	5	3	0	150
23:27	6	2	0	198
23:28	2	2	0	223
23:29	9	0	0	150
23:30	2	4	0	174
23:31	3	1	0	195
23:32	3	0	0	217
23:33	2	2	0	168
23:34	8	2	0	219
23:35	10	3	0	200
23:36	4	2	0	168
23:37	2	2	0	178
23:38	2	3	0	196
23:39	2	4	0	169
23:40	3	5	0	174
23:41	2	3	0	175
23:42	3	0	0	167
23:43	7	1	0	180
23:44	4	2	0	191
23:45	5	6	0	229
23:46	5	0	0	222
23:47	6	1	0	161
23:48	5	0	0	143
23:49	5	3	0	164
23:50	6	3	0	204
23:51	5	1	0	167
23:52	5	3	0	146
23:53	5	1	0	148
23:54	6	1	0	166
23:55	3	5	0	174
23:56	4	2	0	209
23:57	2	3	0	192
23:58	3	4	0	159
23:59	4	1	0	212
