x	Sine of (x)	Cosine of (x)	Random (x) * Sine of(x)	Random(x)
00:00 0.0998334	0.995004	0.0838788	0.394383
00:01 0.198669	0.980067	0.155578	0.79844
00:02 0.29552	0.955336	0.26941	0.197551
00:03 0.389418	0.921061	0.130542	0.76823
00:04 0.479426	0.877583	0.133172	0.55397
00:05 0.564642	0.825336	0.269559	0.628871
00:06 0.644218	0.764842	0.235001	0.513401
00:07 0.717356	0.696707	0.683088	0.916195
00:08 0.783327	0.62161	0.49797	0.717297
00:09 0.841471	0.540302	0.119154	0.606969
00:10 0.891207	0.453596	0.0145272	0.242887
00:11 0.932039	0.362358	0.127905	0.804177
00:12 0.963558	0.267499	0.150969	0.400944
00:13 0.98545	0.169967	0.127902	0.108809
00:14 0.997495	0.0707372	0.996422	0.218257
00:15 0.999574	-0.0291995	0.512714	0.839112
00:16 0.991665	-0.128844	0.607533	0.296032
00:17 0.973848	-0.227202	0.620879	0.524287
00:18 0.9463	-0.32329	0.467078	0.972775
00:19 0.909297	-0.416147	0.265985	0.771358
00:20 0.863209	-0.504846	0.454691	0.769914
00:21 0.808496	-0.588501	0.323583	0.891529
00:22 0.745705	-0.666276	0.211269	0.352458
00:23 0.675463	-0.737394	0.545588	0.919026
00:24 0.598472	-0.801144	0.0417466	0.949327
00:25 0.515501	-0.856889	0.271151	0.0860558
00:26 0.42738	-0.904072	0.0821483	0.663227
00:27 0.334988	-0.942222	0.298217	0.348893
00:28 0.239249	-0.970958	0.0153529	0.020023
00:29 0.14112	-0.989992	0.0645909	0.0630958
00:30 0.0415807	-0.999135	0.00990784	0.970634
00:31 -0.0583741	-0.998295	-0.0526656	0.85092
00:32 -0.157746	-0.98748	-0.0420654	0.53976
00:33 -0.255541	-0.966798	-0.0958808	0.760249
00:34 -0.350783	-0.936457	-0.179789	0.667724
00:35 -0.44252	-0.896758	-0.235247	0.0392803
00:36 -0.529836	-0.8481	-0.231876	0.931835
00:37 -0.611858	-0.790968	-0.569523	0.720952
00:38 -0.687766	-0.725932	-0.195527	0.738534
00:39 -0.756802	-0.653644	-0.484338	0.354049
00:40 -0.818277	-0.574824	-0.562861	0.165974
00:41 -0.871576	-0.490261	-0.383584	0.880075
00:42 -0.916166	-0.400799	-0.759686	0.330337
00:43 -0.951602	-0.307333	-0.217887	0.893372
00:44 -0.97753	-0.210796	-0.342488	0.68667
00:45 -0.993691	-0.112153	-0.950434	0.58864
00:46 -0.999923	-0.0123887	-0.657254	0.858676
00:47 -0.996165	0.087499	-0.437874	0.92397
00:48 -0.982453	0.186512	-0.391445	0.814767
00:49 -0.958924	0.283662	-0.656114	0.910972
00:50 -0.925815	0.377978	-0.446697	0.215825
00:51 -0.883455	0.468517	-0.839505	0.920128
00:52 -0.832267	0.554374	-0.122893	0.881062
00:53 -0.772764	0.634693	-0.495404	0.431953
00:54 -0.70554	0.70867	-0.43715	0.281059
00:55 -0.631267	0.775566	-0.496177	0.307458
00:56 -0.550686	0.834713	-0.246175	0.226107
00:57 -0.464602	0.88552	-0.0871283	0.276235
00:58 -0.373877	0.927478	-0.208041	0.416501
00:59 -0.279415	0.96017	-0.0473908	0.906804
01:00 -0.182163	0.983268	-0.0187939	0.126075
01:01 -0.0830894	0.996542	-0.0411662	0.760475
01:02 0.0168139	0.999859	0.0165575	0.935004
01:03 0.116549	0.993185	0.0797715	0.383188
01:04 0.21512	0.976588	0.161291	0.368664
01:05 0.311541	0.950233	0.0916431	0.232262
01:06 0.40485	0.914383	0.23663	0.244413
01:07 0.494113	0.869397	0.0752978	0.732149
01:08 0.57844	0.815725	0.0725797	0.79347
01:09 0.656987	0.753902	0.107813	0.745071
01:10 0.728969	0.684547	0.0543299	0.950104
01:11 0.793668	0.608351	0.0416908	0.521563
01:12 0.850437	0.526078	0.149856	0.240062
01:13 0.898708	0.438547	0.716988	0.732654
01:14 0.938	0.346635	0.615857	0.967405
01:15 0.96792	0.25126	0.618944	0.759735
01:16 0.988168	0.153374	0.0923744	0.134902
01:17 0.998543	0.0539554	0.519452	0.0782321
01:18 0.998941	-0.0460021	0.0698324	0.204655
01:19 0.989358	-0.1455	0.45651	0.819677
01:20 0.96989	-0.243544	0.556056	0.755581
01:21 0.940731	-0.339155	0.0488604	0.157807
01:22 0.902172	-0.431377	0.902166	0.204329
01:23 0.854599	-0.519289	0.760555	0.125468
01:24 0.798487	-0.602012	0.79673	0.0540576
01:25 0.734397	-0.67872	0.639322	0.0723288
01:26 0.662969	-0.748647	0.00275902	0.923069
01:27 0.584917	-0.811093	0.347378	0.180372
01:28 0.501021	-0.865435	0.0817323	0.39169
01:29 0.412118	-0.91113	0.376275	0.819695
01:30 0.319098	-0.947722	0.114587	0.552485
01:31 0.22289	-0.974844	0.129149	0.452576
01:32 0.124454	-0.992225	0.0855484	0.0996401
01:33 0.0247754	-0.999693	0.013151	0.757294
01:34 -0.0751511	-0.997172	-0.0228681	0.992228
01:35 -0.174327	-0.984688	-0.100582	0.877614
01:36 -0.271761	-0.962365	-0.203225	0.62891
01:37 -0.366479	-0.930426	-0.012981	0.747803
01:38 -0.457536	-0.889191	-0.381237	0.925377
01:40 	-0.625071	-0.780568	-0.612216	0.743811
01:41 	-0.699875	-0.714266	-0.632243	0.983596
01:42 	-0.767686	-0.640826	-0.511955	0.497259
01:43 	-0.827826	-0.560984	-0.135737	0.830012
01:44 	-0.879696	-0.475537	-0.782004	0.0769947
01:45 	-0.922775	-0.385338	-0.599534	0.248044
01:46 	-0.956635	-0.291289	-0.602182	0.229137
01:47 	-0.980936	-0.19433	-0.687264	0.316867
01:48 	-0.995436	-0.0954289	-0.327277	0.231428
01:50 	-0.994553	0.104236	-0.222438	0.651132
01:51 	-0.979178	0.203005	-0.500052	0.971466
01:52 	-0.954019	0.299745	-0.267165	0.546107
01:53 	-0.919329	0.393491	-0.661244	0.113281
01:54 	-0.875452	0.483305	-0.412761	0.59254
01:55 	-0.822829	0.56829	-0.777012	0.450918
01:56 	-0.761984	0.647596	-0.256294	0.847684
01:57 	-0.693525	0.720432	-0.301346	0.00323146
01:58 	-0.618137	0.78607	-0.213222	0.598481
02:00 	-0.449647	0.893206	-0.303726	0.48295
02:01 	-0.358229	0.933634	-0.172644	0.304956
02:02 	-0.263232	0.964733	-0.187444	0.182556
02:03 	-0.165604	0.986192	-0.102976	0.0408643
02:04 	-0.0663219	0.997798	-0.0274562	0.695984
02:05 	0.033623	0.999435	0.0226598	0.63764
02:06 	0.133232	0.991085	0.046247	0.184622
02:07 	0.23151	0.972833	0.141014	0.627158
02:08 	0.327474	0.94486	0.239295	0.328374
02:10 	0.508661	0.860967	0.468434	0.684757
02:11 	0.592074	0.805884	0.386701	0.257265
02:12 	0.66957	0.742749	0.356506	0.0876436
02:13 	0.740376	0.672193	0.192866	0.877384
02:14 	0.803784	0.594921	0.551497	0.0937402
02:15 	0.859162	0.511704	0.0956038	0.361601
02:16 	0.905955	0.423375	0.522456	0.593211
02:17 	0.943696	0.330815	0.629027	0.288778
02:18 	0.972008	0.23495	0.754052	0.288379
02:20 	0.999309	0.0371584	0.983683	0.00357857
02:21 	0.998027	-0.0627917	0.825758	0.331479
02:22 	0.986772	-0.162114	0.185712	0.436497
02:23 	0.965658	-0.259817	0.925715	0.91893
02:24 	0.934895	-0.354924	0.715075	0.699075
02:25 	0.894791	-0.446485	0.108398	0.685786
02:26 	0.845747	-0.533584	0.324625	0.774273
02:27 	0.788252	-0.615352	0.743362	0.916273
02:28 	0.722881	-0.690972	0.623064	0.203548
02:30 	0.571197	-0.820813	0.16981	0.904932
02:31 	0.486399	-0.873737	0.442449	0.873979
02:32 	0.396741	-0.917931	0.197634	0.5762
02:33 	0.303118	-0.952953	0.0493346	0.273911
02:34 	0.206467	-0.978453	0.178507	0.492399
02:35 	0.107754	-0.994178	0.0499613	0.848942
02:36 	0.00796318	-0.999968	0.00394956	0.291053
02:37 	-0.0919069	-0.995768	-0.0165819	0.684178
02:38 	-0.190859	-0.981618	-0.138859	0.139058
02:40 	-0.382071	-0.924133	-0.320227	0.724252
02:41 	-0.472422	-0.881372	-0.0841891	0.221966
02:42 	-0.558052	-0.829806	-0.278203	0.121259
02:43 	-0.638107	-0.769948	-0.0882109	0.360443
02:44 	-0.711785	-0.702397	-0.231193	0.931895
02:45 	-0.778352	-0.627828	-0.707121	0.622095
02:46 	-0.837142	-0.546986	-0.700543	0.818128
02:47 	-0.887567	-0.460679	-0.440299	0.334972
02:48 	-0.929124	-0.369768	-0.366379	0.658831
02:50 	-0.984065	-0.177809	-0.14882	0.072545
02:51 	-0.9969	-0.0786782	-0.107514	0.647207
02:52 	-0.999774	0.0212388	-0.363516	0.28827
02:53 	-0.992659	0.120944	-0.328953	0.0911486
02:54 	-0.975626	0.21944	-0.416912	0.934495
02:55 	-0.948844	0.315744	-0.553717	0.265461
02:56 	-0.912582	0.408893	-0.601161	0.761778
02:57 	-0.867202	0.497956	-0.422698	0.157272
02:58 	-0.813157	0.582044	-0.718047	0.625665
03:00 	-0.681314	0.731991	-0.379874	0.426199
03:01 	-0.604833	0.796352	-0.501974	0.394388
03:02 	-0.522309	0.852757	-0.127614	0.326013
03:03 	-0.434566	0.90064	-0.316955	0.638654
03:04 	-0.342481	0.939525	-0.33729	0.338243
03:05 	-0.246974	0.969022	-0.221674	0.136075
03:06 	-0.148999	0.988837	-0.061207	0.00540855
03:07 	-0.0495356	0.998772	-0.0388004	0.774386
03:08 	0.0504227	0.998728	0.014808	0.114668
03:10 	0.247834	0.968802	0.0121841	0.449105
03:11 	0.343315	0.93922	0.338669	0.707909
03:12 	0.435365	0.900254	0.0918111	0.473894
03:13 	0.523066	0.852292	0.452547	0.0939195
03:14 	0.60554	0.795815	0.0602871	0.382896
03:15 	0.681964	0.731386	0.205791	0.65712
03:16 	0.751573	0.659649	0.608095	0.131702
03:17 	0.813674	0.581322	0.0419109	0.0534223
03:18 	0.867644	0.497186	0.397134	0.780868
03:20 	0.949125	0.314901	0.113051	0.589637
03:21 	0.975821	0.218573	0.564644	0.529899
03:22 	0.992766	0.120062	0.590741	0.361917
03:23 	0.999793	0.0203508	0.304222	0.888723
03:24 	0.99683	-0.0795636	0.475074	0.16982
03:25 	0.983907	-0.178683	0.599917	0.525747
03:26 	0.961153	-0.276017	0.594882	0.596196
03:27 	0.928795	-0.370593	0.217019	0.829808
03:28 	0.887158	-0.461467	0.0621811	0.0988374
03:30 	0.777794	-0.628519	0.374689	0.225491
03:31 	0.711161	-0.703029	0.587966	0.290829
03:32 	0.637423	-0.770514	0.227683	0.878278
03:33 	0.557315	-0.830301	0.191856	0.814909
03:34 	0.471639	-0.881792	0.310879	0.0363274
03:35 	0.38125	-0.924472	0.0981601	0.778257
03:36 	0.287053	-0.957915	0.179685	0.836104
03:37 	0.189987	-0.981787	0.0585456	0.221009
03:38 	0.0910224	-0.995849	0.0180243	0.612442
03:40 	-0.108637	-0.994082	-0.0849823	0.719462
03:41 	-0.207336	-0.97827	-0.0415403	0.401188
03:42 	-0.303965	-0.952683	-0.0959489	0.434009
03:43 	-0.397556	-0.917578	-0.0918338	0.385748
03:44 	-0.487175	-0.873305	-0.259589	0.154724
03:45 	-0.571926	-0.820305	-0.317646	0.0145793
03:46 	-0.650962	-0.75911	-0.247505	0.382167
03:47 	-0.723495	-0.69033	-0.220961	0.737408
03:48 	-0.788798	-0.614652	-0.205438	0.649659
03:50 	-0.895187	-0.44569	-0.614086	0.809785
03:51 	-0.93521	-0.354094	-0.652635	0.31195
03:52 	-0.965888	-0.25896	-0.623857	0.00600477
03:53 	-0.986916	-0.161238	-0.525986	0.84391
03:54 	-0.998082	-0.0619053	-0.617261	0.642693
03:55 	-0.999276	0.0380459	-0.518139	0.400709
03:56 	-0.990486	0.137617	-0.358709	0.718867
03:57 	-0.971798	0.235813	-0.779282	0.677812
03:58 	-0.943401	0.331653	-0.144223	0.0328927
04:00 	-0.858707	0.512467	-0.161108	0.618958
04:01 	-0.803256	0.595634	-0.562521	0.567831
04:02 	-0.739779	0.67285	-0.000832606	0.00570914
04:03 	-0.66891	0.743344	-0.204177	0.26157
04:04 	-0.591358	0.806409	-0.387557	0.857555
04:05 	-0.507897	0.861418	-0.0920112	0.341354
04:06 	-0.419361	0.90782	-0.279857	0.879009
04:07 	-0.326635	0.945151	-0.213392	0.31323
04:08 	-0.230646	0.973038	-0.204125	0.186265
04:10 	-0.0327354	0.999464	-0.0271362	0.675654
04:11 	0.0672081	0.997739	0.0607675	0.191112
04:12 	0.16648	0.986045	0.0656799	0.706067
04:13 	0.264089	0.964498	0.229473	0.547397
04:14 	0.359058	0.933315	0.26533	0.932485
04:15 	0.450441	0.892806	0.105006	0.926576
04:16 	0.537322	0.843377	0.296303	0.93342
04:17 	0.618835	0.785521	0.305956	0.552568
04:18 	0.694165	0.719816	0.65191	0.799646
04:20 	0.823333	0.567559	0.541095	0.9953
04:21 	0.875881	0.482527	0.819695	0.324541
04:22 	0.919678	0.392674	0.804083	0.589157
04:23 	0.954285	0.298898	0.608615	0.759324
04:24 	0.979358	0.202135	0.759415	0.79491
04:25 	0.994645	0.103353	0.261377	0.604379
04:26 	0.999994	0.00353755	0.470561	0.166955
04:27 	0.995351	-0.0963129	0.791792	0.865086
04:28 	0.980763	-0.195201	0.856227	0.664414
04:30 	0.922433	-0.386158	0.550599	0.645601
04:31 	0.879273	-0.476318	0.473538	0.148342
04:32 	0.827328	-0.561719	0.479041	0.0329634
04:33 	0.767116	-0.641508	0.53768	0.518151
04:34 	0.69924	-0.714887	0.582194	0.515049
04:35 	0.624377	-0.781123	0.0703348	0.48981
04:36 	0.543276	-0.839554	0.27726	0.0484997
04:37 	0.456746	-0.889597	0.371952	0.384658
04:38 	0.365653	-0.930751	0.233161	0.452122
04:40 	0.173452	-0.984842	0.0428483	0.406767
04:41 	0.0742654	-0.997239	0.00129642	0.717597
04:42 	-0.0256633	-0.999671	-0.0147236	0.812947
04:43 	-0.125336	-0.992114	-0.0730308	0.446743
04:44 	-0.223756	-0.974645	-0.106812	0.995165
04:45 	-0.31994	-0.947438	-0.0187879	0.0742604
04:46 	-0.412928	-0.910764	-0.26459	0.59728
04:47 	-0.501789	-0.86499	-0.111699	0.219788
04:48 	-0.585637	-0.810573	-0.369094	0.923513
04:50 	-0.735	-0.678068	-0.322343	0.850586
04:51 	-0.799021	-0.601302	-0.761198	0.948911
04:52 	-0.85506	-0.518529	-0.768772	0.767014
04:53 	-0.902555	-0.430575	-0.301064	0.536742
04:54 	-0.941031	-0.338319	-0.206214	0.477551
04:55 	-0.970106	-0.242683	-0.921426	0.466169
04:56 	-0.989487	-0.144621	-0.875021	0.967277
04:57 	-0.998982	-0.0451149	-0.183578	0.458039
04:58 	-0.998495	0.0548423	-0.77905	0.766448

