x       Case Lock Failures      Case Closed Exceptions  FRM-C Timeouts  FRM-C Responses
0       0       0       0       0
00:00   10      8       1       167
00:00   2       3       0       104
00:01   1       1       0       99
00:02   0       1       0       126
00:03   0       4       0       126
00:04   2       2       0       112
00:05   0       0       0       116
00:06   0       2       0       109
00:07   1       1       0       122
00:08   0       1       0       110
00:09   2       0       0       101
00:10   2       4       0       140
00:11   0       0       0       103
00:12   0       3       0       135
00:13   0       0       0       122
00:14   0       4       0       108
00:15   0       1       0       100
00:16   0       3       0       93
00:17   1       0       0       101
00:18   2       2       0       105
00:19   0       4       0       93
00:20   1       4       0       136
00:21   1       0       0       129
00:22   2       1       0       99
00:23   0       3       0       103
00:24   1       1       0       118
00:25   0       2       0       115
00:26   0       3       0       130
00:27   0       1       0       111
00:28   0       1       0       122
00:29   0       0       0       86
00:30   4       2       0       133
00:31   2       0       0       129
00:32   2       2       0       134
00:33   0       0       0       137
00:34   0       2       0       144
00:35   0       0       0       124
00:36   4       4       0       110
00:37   4       0       0       132
00:38   5       2       0       130
00:39   2       1       0       130
00:40   2       1       0       91
00:41   3       2       0       109
00:42   2       1       0       115
00:43   0       3       0       110
00:44   0       0       0       112
00:45   2       2       0       99
00:46   0       2       0       111
00:47   0       1       0       138
00:48   6       3       0       126
00:49   3       6       0       129
00:50   6       3       0       122
00:51   2       3       0       98
00:52   0       2       0       104
00:53   2       3       0       113
00:54   0       4       0       116
00:55   1       3       0       145
00:56   2       3       0       120
00:57   0       0       0       114
00:58   0       2       0       107
00:59   3       1       0       117
01:00   2       2       0       112
01:01   0       1       0       117
01:02   3       0       0       126
01:03   2       3       0       135
01:04   0       0       0       115
01:05   0       0       1       44
01:06   2       0       0       101
01:07   2       2       0       105
01:08   0       2       0       118
01:09   1       4       0       99
01:10   4       1       0       120
01:11   0       3       0       102
01:12   0       1       0       101
01:13   2       0       0       92
01:14   2       3       0       108
01:15   4       1       0       117
01:16   6       2       0       121
01:17   4       4       0       107
01:18   1       2       0       93
01:19   3       4       0       111
01:20   0       1       0       111
01:21   0       4       0       142
01:22   1       0       0       135
01:23   2       2       0       128
01:24   3       1       0       131
01:25   2       3       0       118
01:26   1       0       0       123
01:27   4       2       0       104
01:28   2       1       0       115
01:29   0       0       0       126
01:30   0       0       0       113
01:31   2       0       0       105
01:32   0       2       0       93
01:33   0       0       0       145
01:34   2       0       0       106
01:35   6       8       0       123
01:36   0       4       0       109
01:37   1       2       0       123
01:38   0       7       0       110
01:39   1       2       0       105
01:40   2       2       0       96
01:41   0       1       0       90
01:42   0       3       0       110
01:43   0       3       0       99
01:44   4       3       0       107
01:45   1       5       0       96
01:46   1       0       0       101
01:47   0       2       0       116
01:48   0       5       0       108
01:49   2       2       0       109
01:50   2       2       0       117
01:51   4       3       0       90
01:52   6       0       0       74
01:53   1       1       0       102
01:54   0       0       0       102
01:55   2       6       0       96
01:56   4       3       0       102
01:57   1       2       0       124
01:58   0       2       0       103
01:59   2       2       0       132
02:00   1       2       0       115
02:01   1       2       0       107
02:02   0       0       0       100
02:03   4       5       0       113
02:04   3       2       0       78
02:05   3       3       0       97
02:06   2       2       0       102
02:07   0       0       0       83
02:08   6       2       0       120
02:09   2       3       0       102
02:10   0       0       0       110
02:11   2       3       0       111
02:12   0       2       0       107
02:13   1       0       0       104
02:14   0       0       0       102
02:15   0       1       0       114
02:16   0       3       0       93
02:17   1       2       0       73
02:18   0       2       0       96
02:19   4       0       0       106
02:20   4       1       0       87
02:21   4       2       0       103
02:22   0       1       0       102
02:23   0       1       0       113
02:24   4       2       0       100
02:25   0       5       0       93
02:26   1       0       0       95
02:27   0       1       0       132
02:28   0       2       0       114
02:29   2       2       0       103
02:30   6       3       0       100
02:31   6       2       0       96
02:32   7       4       0       101
02:33   5       2       0       93
02:34   5       1       0       99
02:35   0       1       0       97
02:36   1       0       0       77
02:37   3       0       0       77
02:38   0       2       0       88
02:39   1       4       0       100
02:40   1       0       0       73
02:41   6       2       0       90
02:42   0       4       0       105
02:43   0       1       0       85
02:44   1       0       0       75
02:45   0       1       0       94
02:46   0       2       0       72
02:47   0       0       0       78
02:48   0       0       0       107
02:49   0       0       0       96
02:50   0       0       0       95
02:51   0       0       0       93
02:52   1       2       0       83
02:53   1       0       0       110
02:54   0       0       0       95
02:55   0       0       0       133
02:56   0       3       0       102
02:57   0       0       0       105
02:58   0       1       0       74
02:59   0       3       0       93
03:00   1       2       0       109
03:01   0       2       0       100
03:02   1       2       0       86
03:03   0       0       0       93
03:04   0       0       0       98
03:05   0       2       0       89
03:06   0       1       0       84
03:07   0       0       0       82
03:08   0       0       0       93
03:09   4       2       0       88
03:10   4       2       0       98
03:11   1       2       0       82
03:12   4       0       0       95
03:13   2       1       0       91
03:14   1       0       0       89
03:15   0       0       0       93
03:16   0       0       0       98
03:17   2       0       0       82
03:18   0       0       0       81
03:19   2       1       0       102
03:20   2       1       0       75
03:21   0       4       0       92
03:22   0       0       0       82
03:23   2       1       0       96
03:24   10      2       0       110
03:25   1       5       0       87
03:26   0       2       0       84
03:27   1       0       0       85
03:28   0       0       0       66
03:29   2       0       0       75
03:30   0       0       0       75
03:31   0       0       0       63
03:32   0       0       0       89
03:33   0       0       0       96
03:34   1       0       0       91
03:35   1       0       0       88
03:36   0       0       0       89
03:37   1       0       0       73
03:38   2       1       0       99
03:39   0       4       0       72
03:40   1       0       0       78
03:41   0       1       0       69
03:42   0       0       0       66
03:43   0       0       0       90
03:44   0       0       0       94
03:45   2       2       0       110
03:46   1       0       0       82
03:47   1       0       0       55
03:48   2       1       0       75
03:49   2       0       0       95
03:50   0       1       0       95
03:51   3       3       0       79
03:52   0       1       0       76
03:53   1       0       0       90
03:54   0       0       0       94
03:55   0       0       0       84
03:56   2       0       0       96
03:57   0       0       0       78
03:58   1       0       0       96
03:59   2       0       0       77
04:00   2       1       0       81
04:01   0       2       0       84
04:02   1       0       0       79
04:03   2       0       0       101
04:04   0       0       0       89
04:05   2       0       0       78
04:06   2       0       0       89
04:07   3       1       0       95
04:08   4       0       0       79
04:09   6       1       0       93
04:10   0       2       0       90
04:11   4       0       0       99
04:12   0       3       0       81
04:13   0       0       0       88
04:14   1       0       0       99
04:15   0       2       0       79
04:16   2       0       0       98
04:17   0       1       0       66
04:18   0       0       0       72
04:19   2       3       0       88
04:20   0       0       0       94
04:21   3       2       0       91
04:22   4       2       0       90
04:23   0       2       0       59
04:24   0       0       0       64
04:25   1       0       0       99
04:26   0       0       0       82
04:27   4       0       0       78
04:28   0       1       0       73
04:29   0       0       0       68
04:30   0       0       0       86
04:31   1       0       0       81
04:32   1       0       0       78
04:33   4       0       0       71
04:34   4       0       0       82
04:35   4       2       0       94
04:36   0       0       0       78
04:37   2       1       0       89
04:38   0       0       0       67
04:39   1       0       0       82
04:40   0       0       0       71
04:41   0       0       0       71
04:42   0       0       0       87
04:43   0       0       0       74
04:44   4       0       0       68
04:45   3       1       0       75
04:46   0       0       0       88
04:47   1       0       0       86
04:48   1       0       0       87
04:49   0       2       0       90
04:50   2       2       0       79
04:51   2       2       0       67
04:52   0       0       0       71
04:53   1       4       0       76
04:54   0       0       0       84
04:55   2       0       0       79
04:56   0       0       0       65
04:57   0       1       0       89
04:58   1       0       0       85
04:59   0       0       0       102
05:00   0       2       0       80
05:01   2       0       0       74
05:02   0       2       0       83
05:03   1       0       0       74
05:04   1       2       0       82
05:05   0       0       0       88
05:06   1       0       0       75
05:07   0       0       0       76
05:08   0       0       0       70
05:09   0       0       0       86
05:10   0       2       0       94
05:11   4       0       0       87
05:12   0       0       0       66
05:13   1       0       0       62
05:14   1       0       0       73
05:15   1       0       0       67
05:16   1       0       0       76
05:17   2       1       0       70
05:18   3       1       0       65
05:19   1       0       0       64
05:20   0       0       0       68
05:21   1       2       0       95
05:22   0       0       0       78
05:23   1       0       0       81
05:24   2       0       0       78
05:25   0       0       0       83
05:26   0       0       0       68
05:27   2       0       0       66
05:28   2       2       0       75
05:29   0       0       0       78
05:30   0       0       0       90
05:31   1       0       0       96
05:32   0       0       0       75
05:33   0       0       0       74
05:34   1       1       0       64
05:35   1       0       0       93
05:36   0       0       0       69
05:37   0       0       0       95
05:38   1       0       0       90
05:39   0       0       0       60
05:40   1       0       0       97
05:41   0       0       0       74
05:42   0       0       0       76
05:43   2       0       0       67
05:44   1       1       0       71
05:45   2       1       0       74
05:46   0       0       0       69
05:47   0       0       0       70
05:48   0       0       0       74
05:49   1       0       0       73
05:50   0       0       0       82
05:51   1       0       0       73
05:52   1       0       0       82
05:53   0       0       0       81
05:54   4       0       0       85
05:55   1       0       0       76
05:56   0       0       0       78
05:57   1       1       0       68
05:58   1       0       0       32
05:59   0       0       1       63
06:00   0       0       0       79
06:01   0       2       0       66
06:02   0       0       0       60
06:03   5       0       0       85
06:04   2       3       0       80
06:05   0       3       0       77
06:06   0       0       0       76
06:07   0       0       0       75
06:08   0       0       0       73
06:09   1       0       0       79
06:10   0       0       0       83
06:11   0       0       0       74
06:12   0       0       0       82
06:13   0       0       0       82
06:14   1       0       0       67
06:15   0       0       0       93
06:16   0       0       0       66
06:17   0       2       0       83
06:18   0       0       0       70
06:19   0       0       0       68
06:20   0       0       0       78
06:21   0       0       0       80
06:22   0       0       0       75
06:23   4       0       0       86
06:24   2       2       0       71
06:25   1       0       0       68
06:26   0       0       0       66
06:27   0       0       0       74
06:28   0       0       0       83
06:29   0       0       0       58
06:30   3       0       0       84
06:31   0       0       0       80
06:32   2       0       0       86
06:33   0       0       0       79
06:34   0       0       0       79
06:35   0       0       0       85
06:36   2       0       0       73
06:37   0       0       0       95
06:38   1       0       0       80
06:39   0       0       0       81
06:40   0       0       0       85
06:41   0       0       0       75
06:42   0       0       0       102
06:43   1       0       0       80
06:44   0       0       0       88
06:45   1       0       0       83
06:46   0       0       0       85
06:47   0       0       0       95
06:48   0       0       0       93
06:49   0       0       0       89
06:50   0       0       0       79
06:51   1       0       0       85
06:52   0       0       0       81
06:53   0       0       0       78
06:54   0       0       0       83
06:55   0       0       0       87
06:56   0       0       0       93
06:57   0       0       0       92
06:58   0       0       0       107
06:59   2       1       0       92
07:00   0       0       0       89
07:01   0       0       0       76
07:02   0       0       0       84
07:03   0       0       0       93
07:04   0       0       0       88
07:05   0       0       0       98
07:06   0       0       0       87
07:07   0       0       0       101
07:08   0       0       0       89
07:09   0       2       0       97
07:10   2       0       0       86
07:11   0       0       0       87
07:12   0       0       0       80
07:13   1       0       0       107
07:14   0       1       0       93
07:15   0       0       0       84
07:16   0       0       0       87
07:17   0       0       0       94
07:18   2       0       0       92
07:19   0       0       0       100
07:20   0       0       0       80
07:21   0       0       0       90
07:22   0       0       0       98
07:23   1       0       0       84
07:24   0       0       0       83
07:25   0       0       0       94
07:26   0       0       0       92
07:27   0       0       0       76
07:28   0       0       0       77
07:29   0       0       0       84
07:30   0       0       0       95
07:31   0       0       0       90
07:32   0       0       0       91
07:33   0       2       0       96
07:34   0       0       0       98
07:35   0       0       0       97
07:36   0       0       0       93
07:37   0       0       0       82
07:38   0       0       0       85
07:39   0       0       0       92
07:40   0       1       0       71
07:41   0       0       0       105
07:42   0       2       0       77
07:43   1       0       0       78
07:44   0       0       0       84
07:45   5       0       0       80
07:46   0       1       0       95
07:47   1       0       0       95
07:48   0       0       0       89
07:49   0       0       0       100
07:50   0       0       0       90
07:51   0       0       0       97
07:52   0       0       0       84
07:53   0       0       0       89
07:54   0       0       0       100
07:55   1       0       0       90
07:56   0       0       0       79
07:57   2       0       0       81
07:58   4       0       0       59
07:59   4       0       0       48
08:00   0       0       0       76
08:01   0       0       0       67
08:02   0       0       0       75
08:03   0       0       0       61
08:04   0       0       0       54
08:05   0       0       0       43
08:06   1       0       0       55
08:07   0       0       0       43
08:08   0       0       0       69
08:09   0       0       0       61
08:10   0       0       0       52
08:11   1       0       0       45
08:12   0       0       0       44
08:13   0       0       0       45
08:14   0       0       0       56
08:15   0       0       0       78
08:16   0       0       0       68
08:17   0       0       0       46
08:18   0       0       0       43
08:19   0       0       0       37
08:20   0       0       0       46
08:21   2       0       0       34
08:22   2       0       0       54
08:23   0       2       0       51
08:24   0       0       0       37
08:25   0       0       0       44
08:26   0       0       0       44
08:27   0       0       0       50
08:28   0       0       0       53
08:29   0       0       0       52
08:30   0       0       0       44
08:31   0       0       0       54
08:32   0       0       0       52
08:33   1       0       0       46
08:34   0       0       0       39
08:35   0       0       0       55
08:36   1       0       0       50
08:37   1       0       0       48
08:38   0       0       0       51
08:39   0       0       0       45
08:40   0       0       0       43
08:41   0       0       0       46
08:42   0       0       0       53
08:43   0       0       0       45
08:44   2       0       0       37
08:45   2       2       0       52
08:46   0       0       0       51
08:47   0       0       0       38
08:48   0       0       0       42
08:49   0       0       0       45
08:50   0       0       0       40
08:51   0       0       0       65
08:52   1       0       0       49
08:53   1       0       0       52
08:54   0       0       0       38
08:55   0       0       0       37
08:56   0       2       0       43
08:57   0       0       0       41
08:58   2       2       0       57
08:59   0       0       0       53
09:00   0       0       0       53
09:01   0       0       0       52
09:02   0       0       0       32
09:03   0       0       0       43
09:04   0       0       0       36
09:05   0       0       0       32
09:06   0       0       0       32
09:07   0       0       0       35
09:08   0       0       0       67
09:09   0       0       0       61
09:10   0       0       0       40
09:11   0       0       0       47
09:12   0       1       0       31
09:13   0       0       0       40
09:14   0       0       0       54
09:15   0       0       0       44
09:16   1       0       0       42
09:17   0       0       0       33
09:18   0       0       1       17
09:19   0       0       0       37
09:20   0       0       0       50
09:21   4       0       0       39
09:22   4       2       0       42
09:23   0       2       0       37
09:24   0       0       0       53
09:25   0       0       0       44
09:26   0       0       0       53
09:27   0       0       0       44
09:28   0       0       0       36
09:29   0       0       0       35
09:30   0       0       0       56
09:31   0       0       0       51
09:32   0       0       0       46
09:33   0       0       0       43
09:34   0       0       0       53
09:35   0       2       0       39
09:36   0       0       0       57
09:37   0       0       0       46
09:38   1       0       0       43
09:39   0       0       0       50
09:40   0       0       0       37
09:41   0       0       0       35
09:42   0       0       0       37
09:43   0       0       0       43
09:44   0       0       0       46
09:45   0       0       0       50
09:46   0       0       0       46
09:47   0       0       0       46
09:48   0       0       0       46
09:49   0       0       0       43
09:50   0       0       0       39
09:51   0       0       0       55
09:52   0       0       0       56
09:53   0       0       0       58
09:54   2       0       0       45
09:55   0       1       0       47
09:56   1       0       0       44
09:57   2       0       0       44
09:58   0       3       0       62
09:59   0       0       0       52
10:00   0       0       0       44
10:01   0       2       0       44
10:02   0       0       0       44
10:03   1       0       0       53
10:04   0       0       0       64
10:05   0       0       0       35
10:06   0       0       0       32
10:07   1       0       0       35
10:08   0       0       0       37
10:09   0       0       0       36
10:10   0       0       0       36
10:11   0       0       0       48
10:12   0       0       0       38
10:13   0       0       0       47
10:14   0       0       0       37
10:15   0       0       0       59
10:16   1       0       0       43
10:17   0       0       0       54
10:18   1       0       0       62
10:19   0       0       0       51
10:20   0       0       0       46
10:21   0       0       0       56
10:22   0       2       0       52
10:23   2       2       0       63
10:24   0       0       0       37
10:25   0       0       0       37
10:26   0       0       0       61
10:27   0       0       0       55
10:28   0       0       0       44
10:29   1       0       0       60
10:30   0       0       0       46
10:31   0       0       0       42
10:32   0       0       0       26
10:33   0       0       0       35
10:34   0       0       0       34
10:35   7       1       0       47
10:36   0       2       0       40
10:37   0       0       0       41
10:38   0       0       0       46
10:39   0       2       0       32
10:40   0       0       0       39
10:41   0       0       0       30
10:42   0       0       0       32
10:43   0       0       0       54
10:44   2       0       0       33
10:45   4       0       0       40
10:46   0       2       0       44
10:47   0       0       0       33
10:48   0       0       0       49
10:49   0       0       0       37
10:50   1       0       0       50
10:51   0       0       0       56
10:52   0       0       0       39
10:53   0       0       0       33
10:54   0       0       0       48
10:55   1       0       0       47
10:56   0       1       0       48
10:57   0       0       0       47
10:58   0       0       0       38
10:59   0       0       0       30
11:00   0       0       0       39
11:01   0       0       0       37
11:02   0       0       0       38
11:03   0       0       0       50
11:04   3       0       0       50
11:05   0       0       0       40
11:06   0       2       0       44
11:07   0       0       0       43
11:08   1       0       0       54
11:09   1       0       0       49
11:10   0       0       0       59
11:11   0       0       0       45
11:12   1       0       0       59
11:13   1       0       0       36
11:14   0       0       0       42
11:15   0       0       0       31
11:16   1       0       0       48
11:17   0       0       0       41
11:18   0       0       0       40
11:19   0       0       0       36
11:20   0       0       0       40
11:21   1       0       0       47
11:22   0       0       0       49
11:23   0       0       0       42
11:24   0       0       0       52
11:25   0       0       0       49
11:26   0       0       0       46
11:27   0       0       0       36
11:28   0       0       0       41
11:29   0       0       0       59
11:30   0       0       0       58
11:31   0       0       0       38
11:32   0       0       0       39
11:33   0       0       0       59
11:34   0       0       0       42
11:35   0       0       0       50
11:36   1       0       0       52
11:37   0       0       0       64
11:38   0       0       0       40
11:39   0       0       0       42
11:40   0       0       0       50
11:41   0       0       0       41
11:42   0       0       0       38
11:43   2       0       0       44
11:44   5       0       0       44
11:45   6       0       0       41
11:46   0       1       0       33
11:47   0       0       0       78
11:48   0       0       0       76
11:49   0       0       0       59
11:50   0       0       0       69
11:51   0       0       0       58
11:52   0       0       0       41
11:53   0       0       0       61
11:54   0       2       0       50
11:55   0       0       0       44
11:56   0       0       0       46
11:57   0       0       0       55
11:58   6       1       0       46
11:59   2       3       0       77
12:00   2       2       0       58
12:01   2       2       0       53
12:02   2       0       0       45
12:03   0       2       0       46
12:04   0       0       0       41
12:05   0       1       0       47
12:06   0       0       0       57
12:07   0       0       0       39
12:08   0       0       0       40
12:09   0       2       0       44
12:10   1       3       0       48
12:11   0       0       0       46
12:12   0       0       0       69
12:13   1       0       0       63
12:14   0       2       0       42
12:15   0       0       0       32
12:16   0       0       0       43
12:17   0       0       0       46
12:18   0       0       0       45
12:19   3       2       0       78
12:20   0       0       0       71
12:21   0       0       0       43
12:22   0       0       0       48
12:23   1       0       0       60
12:24   1       0       0       76
12:25   0       0       0       91
12:26   0       0       0       48
12:27   0       0       0       63
12:28   0       0       0       58
12:29   0       0       0       57
12:30   0       0       0       45
12:31   0       0       0       54
12:32   1       0       0       46
12:33   0       0       0       47
12:34   1       0       0       50
12:35   1       0       0       47
12:36   2       0       0       61
12:37   0       0       0       58
12:38   0       0       0       71
12:39   3       0       0       61
12:40   4       4       0       68
12:41   0       0       0       69
12:42   1       0       0       67
12:43   0       0       0       62
12:44   3       2       0       58
12:45   0       0       0       51
12:46   1       2       0       76
12:47   1       0       0       50
12:48   1       1       0       51
12:49   0       0       0       49
12:50   0       0       0       58
12:51   1       0       0       74
12:52   0       0       0       78
12:53   1       0       0       61
12:54   1       0       0       64
12:55   1       2       0       67
12:56   0       0       0       63
12:57   0       0       0       64
12:58   0       0       0       63
12:59   0       3       0       67
13:00   5       1       0       113
13:01   1       2       0       100
13:02   0       0       0       86
13:03   1       0       0       65
13:04   0       1       0       84
13:05   0       2       0       96
13:06   0       3       0       104
13:07   2       2       0       101
13:08   4       0       0       103
13:09   0       2       0       113
13:10   3       1       0       111
13:11   6       3       0       91
13:12   0       4       0       87
13:13   0       0       0       110
13:14   0       3       0       121
13:15   0       1       0       110
13:16   2       0       0       130
13:17   0       3       0       99
13:18   2       0       0       111
13:19   0       4       0       105
13:20   0       0       0       91
13:21   1       2       0       122
13:22   0       0       0       117
13:23   2       0       0       117
13:24   2       4       0       120
13:25   4       3       0       106
13:26   5       4       0       104
13:27   3       2       0       124
13:28   1       2       0       111
13:29   4       2       0       110
13:30   0       4       0       107
13:31   1       1       0       119
13:32   2       2       0       101
13:33   2       2       0       110
13:34   3       2       0       126
13:35   4       2       0       96
13:36   4       2       0       127
13:37   0       3       0       112
13:38   0       0       0       114
13:39   3       3       0       111
13:40   0       0       0       97
13:41   0       0       0       104
13:42   4       3       0       111
13:43   2       1       0       116
13:44   4       1       0       98
13:45   9       0       0       88
13:46   2       7       0       74
13:47   0       1       0       105
13:48   3       3       0       99
13:49   0       4       0       118
13:50   3       0       0       107
13:51   5       0       0       86
13:52   0       2       0       92
13:53   2       4       0       106
13:54   0       2       0       86
13:55   5       0       0       88
13:56   1       2       0       95
13:57   2       2       0       94
13:58   1       2       0       82
13:59   2       1       0       75
14:00   1       4       0       108
14:01   0       1       0       108
14:02   0       2       0       102
14:03   0       0       0       113
14:04   2       2       0       122
14:05   2       1       0       118
14:06   1       0       0       125
14:07   0       0       0       118
14:08   0       0       0       114
14:09   0       1       0       110
14:10   2       2       0       104
14:11   1       6       0       140
14:12   3       0       0       149
14:13   1       4       0       138
14:14   3       0       0       145
14:15   0       0       0       149
14:16   3       1       0       126
14:17   2       2       0       142
14:18   1       0       0       150
14:19   0       0       0       131
14:20   3       1       0       111
14:21   3       3       0       157
14:22   0       1       0       147
14:23   1       0       0       151
14:24   1       2       0       155
14:25   1       2       0       139
14:26   1       0       0       132
14:27   2       0       0       123
14:28   6       2       0       113
14:29   0       2       0       154
14:30   2       2       0       147
14:31   3       3       0       133
14:32   1       4       0       153
14:33   0       3       0       139
14:34   5       1       0       133
14:35   0       3       0       155
14:36   0       4       0       167
14:37   0       0       0       139
14:38   3       1       0       138
14:39   2       5       0       133
14:40   1       1       0       138
14:41   0       3       0       118
14:42   5       3       0       143
14:43   1       0       0       138
14:44   2       3       0       132
14:45   2       0       0       134
14:46   2       3       0       144
14:47   2       2       0       122
14:48   0       2       0       108
14:49   0       1       0       102
14:50   0       2       0       107
14:51   6       3       0       118
14:52   0       1       0       96
14:53   1       0       0       97
14:54   2       1       0       95
14:55   0       0       0       108
14:56   0       0       0       91
14:57   0       6       0       99
14:58   1       2       0       76
14:59   1       2       0       82
15:00   1       0       0       100
15:01   1       4       0       100
15:02   3       1       0       103
15:03   0       1       0       112
15:04   0       2       0       135
15:05   0       1       0       118
15:06   0       3       0       103
15:07   2       3       0       122
15:08   2       3       0       99
15:09   0       2       0       93
15:10   3       2       0       103
15:11   1       2       0       123
15:12   0       1       0       83
15:13   0       2       0       92
15:14   0       2       0       98
15:15   1       3       0       92
15:16   2       0       0       98
15:17   1       2       0       107
15:18   1       2       0       100
15:19   1       0       0       84
15:20   2       1       0       89
15:21   2       2       0       93
15:22   0       1       0       94
15:23   1       2       0       107
15:24   1       1       0       100
15:25   1       2       0       129
15:26   2       1       0       102
15:27   0       2       0       110
15:28   0       2       0       98
15:29   2       2       0       129
15:30   4       0       0       104
15:31   2       1       0       119
15:32   2       1       0       96
15:33   0       2       0       110
15:34   1       0       0       113
15:35   0       5       0       113
15:36   2       0       0       107
15:37   2       1       0       121
15:38   0       1       0       120
15:39   1       1       0       117
15:40   4       2       0       132
15:41   7       1       0       102
15:42   2       3       0       92
15:43   0       3       0       102
15:44   0       2       0       116
15:45   3       1       0       114
15:46   0       2       0       88
15:47   0       2       0       84
15:48   0       1       0       102
15:49   2       5       0       109
15:50   1       1       0       117
15:51   5       2       0       97
15:52   6       2       0       95
15:53   4       3       0       101
15:54   4       0       0       90
15:55   2       1       0       113
15:56   0       0       0       101
15:57   1       1       0       95
15:58   3       0       0       87
15:59   2       0       0       97
16:00   3       3       0       102
16:01   0       0       0       111
16:02   0       2       0       125
16:03   2       0       0       105
16:04   3       5       0       114
16:05   0       2       0       107
16:06   0       2       0       115
16:07   3       2       0       103
16:08   0       1       0       79
16:09   0       0       0       106
16:10   2       0       0       116
16:11   4       2       0       113
16:12   5       0       0       87
16:13   0       1       0       105
16:14   0       2       0       122
16:15   3       1       0       95
16:16   4       0       0       105
16:17   0       2       0       108
16:18   1       1       0       126
16:19   2       0       0       95
16:20   0       3       0       86
16:21   4       1       0       111
16:22   2       1       0       84
16:23   1       3       0       120
16:24   1       1       0       110
16:25   0       0       0       90
16:26   2       3       0       91
16:27   5       2       0       101
16:28   4       3       0       87
16:29   3       1       0       114
16:30   4       1       0       99
16:31   1       4       0       110
16:32   0       2       0       89
16:33   6       3       0       99
16:34   3       1       0       88
16:35   3       5       0       121
16:36   3       1       0       91
16:37   0       3       0       83
16:38   4       2       0       120
16:39   2       5       0       103
16:40   3       4       0       96
16:41   6       0       0       103
16:42   2       3       0       98
16:43   0       1       0       84
16:44   2       0       0       99
16:45   1       1       0       107
16:46   0       2       0       87
16:47   0       1       0       108
16:48   2       2       0       119
16:49   6       2       0       111
16:50   6       1       0       114
16:51   2       1       0       117
16:52   0       0       0       88
16:53   1       0       0       102
16:54   0       3       0       108
16:55   1       1       0       93
16:56   4       0       0       112
16:57   4       0       0       105
16:58   2       4       0       107
16:59   2       3       0       86
17:00   2       3       0       102
17:01   2       0       0       84
17:02   0       4       0       107
17:03   0       0       0       99
17:04   1       3       0       113
17:05   0       0       0       90
17:06   0       5       0       107
17:07   2       0       0       83
17:08   0       2       0       148
17:09   0       1       0       101
17:10   1       0       0       121
17:11   4       1       0       114
17:12   10      0       0       105
17:13   6       3       0       120
17:14   0       3       0       121
17:15   0       0       0       92
17:16   3       1       0       106
17:17   0       2       0       92
17:18   0       0       0       114
17:19   0       2       0       98
17:20   1       2       0       135
17:21   0       1       0       95
17:22   0       2       0       96
17:23   0       0       0       108
17:24   0       2       0       114
17:25   2       1       0       96
17:26   2       0       0       107
17:27   1       4       0       94
17:28   8       5       0       94
17:29   0       5       0       106
17:30   0       1       0       91
17:31   1       6       0       129
17:32   2       1       0       112
17:33   1       2       0       97
17:34   0       1       0       95
17:35   1       0       0       109
17:36   5       6       0       126
17:37   2       1       0       104
17:38   0       0       0       105
17:39   3       5       0       115
17:40   2       1       0       98
17:41   7       0       0       111
17:42   0       2       0       92
17:43   2       1       0       109
17:44   2       1       0       85
17:45   0       0       0       80
17:46   3       0       0       92
17:47   4       3       0       110
17:48   3       5       0       104
17:49   4       0       0       86
17:50   4       0       0       116
17:51   7       3       0       126
17:52   2       0       0       97
17:53   6       0       0       103
17:54   5       2       0       109
17:55   0       2       0       82
17:56   0       0       0       0
17:57   0       0       0       0
17:58   0       0       0       0
17:59   0       0       0       0
18:00   0       1       0       103
18:01   0       0       0       96
18:02   3       0       0       107
18:03   8       2       0       130
18:04   6       2       0       99
18:05   4       1       0       121
18:06   4       4       0       103
18:07   0       0       0       81
18:08   2       0       0       103
18:09   0       0       0       115
18:10   0       2       0       92
18:11   0       0       0       92
18:12   2       0       0       111
18:13   0       4       0       88
18:14   1       0       0       93
18:15   1       3       0       103
18:16   0       3       0       108
18:17   1       1       0       116
18:18   2       0       0       131
18:19   2       0       0       95
18:20   4       3       0       112
18:21   3       2       0       111
18:22   2       0       0       124
18:23   0       2       0       102
18:24   4       1       0       105
18:25   0       1       0       99
18:26   2       6       0       130
18:27   2       1       0       100
18:28   6       2       0       104
18:29   2       1       0       107
18:30   0       1       0       86
18:31   1       0       0       92
18:32   4       0       0       102
18:33   2       2       0       116
18:34   1       2       0       113
18:35   0       2       0       114
18:36   2       0       0       123
18:37   1       2       0       127
18:38   2       1       0       123
18:39   2       2       0       101
18:40   0       1       0       92
18:41   0       0       0       116
18:42   2       3       0       113
18:43   0       1       0       133
18:44   3       3       0       126
18:45   0       2       0       117
18:46   2       1       0       123
18:47   2       3       0       114
18:48   0       4       0       118
18:49   3       0       0       108
18:50   0       2       0       137
18:51   0       1       0       95
18:52   0       0       0       0
18:53   0       0       0       0
18:54   3       2       0       62
18:55   6       2       0       108
18:56   3       4       0       131
18:57   0       0       0       105
18:58   2       1       0       94
18:59   2       1       0       96
19:00   4       1       0       108
19:01   0       3       0       119
19:02   0       1       0       104
19:03   0       0       0       100
19:04   0       1       0       103
19:05   0       1       0       100
19:06   3       2       0       113
19:07   0       2       0       69
19:08   1       0       0       119
19:09   0       0       0       96
19:10   2       0       0       110
19:11   4       4       0       106
19:12   0       2       0       114
19:13   0       4       0       147
19:14   4       1       0       112
19:15   1       1       0       99
19:16   0       0       0       114
19:17   2       2       0       119
19:18   0       3       0       126
19:19   0       0       0       99
19:20   0       3       0       101
19:21   2       1       0       114
19:22   0       0       0       103
19:23   3       1       0       89
19:24   4       1       0       115
19:25   0       0       0       99
19:26   0       0       0       96
19:27   5       1       0       103
19:28   2       2       0       114
19:29   1       3       0       95
19:30   0       0       0       92
19:31   0       2       0       104
19:32   3       2       0       107
19:33   4       2       0       98
19:34   1       0       0       95
19:35   0       0       0       102
19:36   0       2       0       108
19:37   1       0       0       121
19:38   0       3       0       111
19:39   0       2       0       92
19:40   0       0       0       102
19:41   0       0       0       105
19:42   1       1       0       93
19:43   4       0       0       107
19:44   4       0       0       78
19:45   0       1       0       94
19:46   0       0       0       100
19:47   2       2       0       99
19:48   0       4       0       102
19:49   1       2       0       114
19:50   0       0       0       92
19:51   0       3       0       95
19:52   1       1       0       102
19:53   1       3       0       107
19:54   0       0       0       118
19:55   0       2       0       90
19:56   1       4       0       124
19:57   0       1       0       135
19:58   0       0       0       107
19:59   0       4       0       108
20:00   4       0       0       99
20:01   1       1       0       106
20:02   0       0       0       22
20:03   0       0       0       0
20:04   0       0       0       0
20:05   0       0       0       0
20:06   0       0       0       0
20:07   0       0       0       0
20:08   0       0       0       0
20:09   0       0       0       0
20:10   0       0       0       0
20:11   0       0       0       0
20:12   0       0       0       0
20:13   0       0       0       0
20:14   0       0       0       0
20:15   0       0       0       0
20:16   0       0       0       0
20:17   0       0       0       0
20:18   0       0       0       0
20:19   0       0       0       0
20:20   0       0       0       0
20:21   0       0       0       0
20:22   0       0       0       0
20:23   0       0       0       0
20:24   0       0       0       0
20:25   0       0       0       0
20:26   0       0       0       0
20:27   0       0       0       0
20:28   0       0       0       0
20:29   0       0       0       0
20:30   0       0       0       0
20:31   0       0       0       0
20:32   0       0       0       0
20:33   0       0       0       0
20:34   0       0       0       0
20:35   0       0       0       0
20:36   0       0       0       0
20:37   0       0       0       0
20:38   0       0       0       0
20:39   0       0       0       0
20:40   0       0       0       0
20:41   0       0       0       0
20:42   0       0       0       0
20:43   0       0       0       0
20:44   0       0       0       0
20:45   0       0       0       0
20:46   0       0       0       0
20:47   0       0       0       0
20:48   0       0       0       0
20:49   0       0       0       0
20:50   0       0       0       0
20:51   0       0       0       0
20:52   0       0       0       0
20:53   0       0       0       0
20:54   0       0       0       0
20:55   0       0       0       0
20:56   0       0       0       0
20:57   0       0       0       0
20:58   0       0       0       0
20:59   0       0       0       0
21:00   0       0       0       0
21:01   0       0       0       0
21:02   0       0       0       0
21:03   0       0       0       0
21:04   0       0       0       0
21:05   0       0       0       0
21:06   0       0       0       0
21:07   0       0       0       0
21:08   0       0       0       0
21:09   0       0       0       0
21:10   0       0       0       0
21:11   0       0       0       0
21:12   0       0       0       0
21:13   0       0       0       0
21:14   0       0       0       0
21:15   0       0       0       0
21:16   0       0       0       0
21:17   0       0       0       0
21:18   0       0       0       0
21:19   0       0       0       0
21:20   0       0       0       0
21:21   0       0       0       0
21:22   0       0       0       0
21:23   0       0       0       0
21:24   0       0       0       0
21:25   0       0       0       0
21:26   0       0       0       0
21:27   0       0       0       0
21:28   0       0       0       0
21:29   0       0       0       0
21:30   0       0       0       0
21:31   0       0       0       0
21:32   0       0       0       0
21:33   0       0       0       0
21:34   0       0       0       0
21:35   0       0       0       0
21:36   0       0       0       0
21:37   0       0       0       0
21:38   0       0       0       0
21:39   0       0       0       0
21:40   0       0       0       0
21:41   0       0       0       0
21:42   0       0       0       0
21:43   0       0       0       0
21:44   0       0       0       0
21:45   0       0       0       0
21:46   0       0       0       0
21:47   0       0       0       0
21:48   0       0       0       0
21:49   0       0       0       0
21:50   0       0       0       0
21:51   0       0       0       0
21:52   0       0       0       0
21:53   0       0       0       0
21:54   0       0       0       0
21:55   0       0       0       0
21:56   0       0       0       0
21:57   0       0       0       0
21:58   0       0       0       0
21:59   0       0       0       0
22:00   0       0       0       0
22:01   0       0       0       0
22:02   0       0       0       0
22:03   0       0       0       0
22:04   0       0       0       0
22:05   0       0       0       0
22:06   0       0       0       0
22:07   0       0       0       0
22:08   0       0       0       0
22:09   0       0       0       0
22:10   0       0       0       0
22:11   0       0       0       0
22:12   0       0       0       0
22:13   0       0       0       0
22:14   0       0       0       0
22:15   0       0       0       0
22:16   0       0       0       0
22:17   0       0       0       0
22:18   0       0       0       0
22:19   0       0       0       0
22:20   0       0       0       0
22:21   0       0       0       0
22:22   0       0       0       0
22:23   0       0       0       0
22:24   0       0       0       0
22:25   0       0       0       0
22:26   0       0       0       0
22:27   0       0       0       0
22:28   0       0       0       0
22:29   0       0       0       0
22:30   0       0       0       0
22:31   0       0       0       0
22:32   0       0       0       0
22:33   0       0       0       0
22:34   0       0       0       0
22:35   0       0       0       0
22:36   0       0       0       0
22:37   0       0       0       0
22:38   0       0       0       0
22:39   0       0       0       0
22:40   0       0       0       0
22:41   0       0       0       0
22:42   0       0       0       0
22:43   0       0       0       0
22:44   0       0       0       0
22:45   0       0       0       0
22:46   0       0       0       0
22:47   0       0       0       0
22:48   0       0       0       0
22:49   0       0       0       0
22:50   0       0       0       0
22:51   0       0       0       0
22:52   0       0       0       0
22:53   0       0       0       0
22:54   0       0       0       0
22:55   0       0       0       0
22:56   0       0       0       0
22:57   0       0       0       0
22:58   0       0       0       0
22:59   0       0       0       0
23:00   0       0       0       0
23:01   0       0       0       0
23:02   0       0       0       0
23:03   0       0       0       0
23:04   0       0       0       0
23:05   0       0       0       0
23:06   0       0       0       0
23:07   0       0       0       0
23:08   0       0       0       0
23:09   0       0       0       0
23:10   0       0       0       0
23:11   0       0       0       0
23:12   0       0       0       0
23:13   0       0       0       0
23:14   0       0       0       0
23:15   0       0       0       0
23:16   0       0       0       0
23:17   0       0       0       0
23:18   0       0       0       0
23:19   0       0       0       0
23:20   0       0       0       0
23:21   0       0       0       0
23:22   0       0       0       0
23:23   0       0       0       0
23:24   0       0       0       0
23:25   0       0       0       0
23:26   0       0       0       0
23:27   0       0       0       0
23:28   0       0       0       0
23:29   0       0       0       0
23:30   0       0       0       0
23:31   0       0       0       0
23:32   0       0       0       0
23:33   0       0       0       0
23:34   0       0       0       0
23:35   0       0       0       0
23:36   0       0       0       0
23:37   0       0       0       0
23:38   0       0       0       0
23:39   0       0       0       0
23:40   0       0       0       0
23:41   0       0       0       0
23:42   0       0       0       0
23:43   0       0       0       0
23:44   0       0       0       0
23:45   0       0       0       0
23:46   0       0       0       0
23:47   0       0       0       0
23:48   0       0       0       0
23:49   0       0       0       0
23:50   0       0       0       0
23:51   0       0       0       0
23:52   0       0       0       0
23:53   0       0       0       0
23:54   0       0       0       0
23:55   0       0       0       0
23:56   0       0       0       0
23:57   0       0       0       0
23:58   0       0       0       0
23:59   0       0       0       0

