x	DataFetch Failures	javaScript Eval Errors	WARN Errors	ERROR Errors
0	0	0	0	0
00:00	18	1211	0	1289
00:00	6	530	0	584
00:01	3	660	0	705
00:02	11	750	0	815
00:03	9	596	0	655
00:04	7	636	0	703
00:05	10	525	0	585
00:06	6	633	0	702
00:07	8	665	0	730
00:08	8	694	0	757
00:09	8	701	0	766
00:10	10	652	0	720
00:11	11	684	0	762
00:12	4	583	0	635
00:13	7	634	0	676
00:14	8	617	0	679
00:15	12	640	0	696
00:16	4	730	0	804
00:17	8	658	0	721
00:18	6	616	0	680
00:19	2	527	0	584
00:20	9	619	0	696
00:21	8	527	0	578
00:22	10	589	0	653
00:23	9	576	0	627
00:24	14	633	0	694
00:25	7	680	0	745
00:26	5	611	0	664
00:27	8	667	0	726
00:28	7	584	0	639
00:29	3	590	0	643
00:30	8	671	0	721
00:31	7	592	0	657
00:32	9	669	0	741
00:33	2	557	0	611
00:34	1	517	0	562
00:35	6	691	0	750
00:36	9	630	0	696
00:37	7	570	0	633
00:38	2	523	0	589
00:39	12	621	0	698
00:40	3	582	0	636
00:41	6	699	0	756
00:42	18	628	0	715
00:43	6	596	0	676
00:44	4	654	0	721
00:45	10	518	0	586
00:46	5	629	0	712
00:47	3	597	0	662
00:48	4	623	0	687
00:49	3	430	0	494
00:50	7	480	0	550
00:51	5	445	0	511
00:52	5	490	0	560
00:53	5	639	0	706
00:54	4	655	0	724
00:55	5	633	0	708
00:56	7	655	0	736
00:57	7	530	0	600
00:58	8	543	0	630
00:59	4	648	0	714
01:00	6	601	0	674
01:01	5	601	0	667
01:02	9	762	0	844
01:03	7	653	0	711
01:04	4	776	0	822
01:05	1	825	0	888
01:06	3	693	0	743
01:07	3	597	0	650
01:08	3	629	0	695
01:09	12	510	0	597
01:10	8	628	0	679
01:11	4	641	0	694
01:12	4	679	0	731
01:13	5	609	0	658
01:14	9	644	0	716
01:15	4	517	0	562
01:16	10	533	0	590
01:17	6	553	0	614
01:18	6	663	0	724
01:19	9	658	0	725
01:20	7	692	0	743
01:21	1	759	0	816
01:22	2	716	0	768
01:23	3	658	0	723
01:24	6	696	0	750
01:25	8	550	0	607
01:26	4	570	0	628
01:27	2	625	0	674
01:28	3	489	0	550
01:29	2	536	0	585
01:30	7	700	0	765
01:31	10	627	0	696
01:32	6	509	0	584
01:33	2	481	0	552
01:34	7	660	0	725
01:35	6	616	0	685
01:36	7	585	0	674
01:37	7	627	0	705
01:38	6	537	0	611
01:39	4	397	0	454
01:40	4	397	0	465
01:41	8	457	0	517
01:42	4	590	0	667
01:43	8	500	0	568
01:44	6	472	0	536
01:45	7	504	0	583
01:46	2	447	0	517
01:47	2	410	0	472
01:48	2	400	0	478
01:49	8	411	0	487
01:50	6	476	0	550
01:51	9	596	0	675
01:52	7	451	0	514
01:53	5	442	0	502
01:54	4	431	0	493
01:55	8	454	0	524
01:56	8	391	0	461
01:57	5	378	0	440
01:58	4	408	0	460
01:59	7	423	0	483
02:00	12	448	0	516
02:01	3	557	0	627
02:02	6	490	0	564
02:03	6	503	0	557
02:04	5	470	0	532
02:05	5	339	0	387
02:06	7	493	0	551
02:07	3	480	0	531
02:08	2	542	0	608
02:09	5	479	0	545
02:10	3	401	0	467
02:11	4	401	0	472
02:12	2	405	0	473
02:13	4	406	0	474
02:14	5	537	0	603
02:15	8	507	0	579
02:16	4	478	0	541
02:17	5	464	0	534
02:18	5	447	0	503
02:19	8	488	0	556
02:20	4	456	0	526
02:21	9	464	0	532
02:22	4	515	0	583
02:23	6	481	0	553
02:24	3	400	0	458
02:25	8	442	0	528
02:26	3	465	0	538
02:27	6	414	0	481
02:28	5	429	0	488
02:29	1	413	0	468
02:30	2	485	0	559
02:31	0	388	0	444
02:32	4	340	0	398
02:33	6	384	0	439
02:34	9	398	0	454
02:35	8	389	0	452
02:36	9	395	0	463
02:37	9	423	0	498
02:38	6	406	0	457
02:39	4	373	0	431
02:40	3	315	0	369
02:41	3	382	0	447
02:42	6	442	0	518
02:43	6	373	0	424
02:44	4	360	0	407
02:45	9	426	0	492
02:46	6	450	0	515
02:47	5	327	0	390
02:48	5	353	0	409
02:49	7	370	0	441
02:50	6	411	0	463
02:51	4	350	0	398
02:52	3	377	0	431
02:53	2	429	0	490
02:54	7	368	0	428
02:55	7	457	0	509
02:56	5	410	0	491
02:57	6	318	0	372
02:58	3	378	0	420
02:59	6	411	0	471
03:00	10	329	0	386
03:01	9	499	0	575
03:02	3	384	0	426
03:03	2	341	0	394
03:04	1	355	0	402
03:05	4	452	0	507
03:06	5	409	0	466
03:07	5	296	0	341
03:08	1	397	0	454
03:09	5	346	0	397
03:10	4	319	0	355
03:11	3	333	0	372
03:12	2	345	0	393
03:13	3	363	0	413
03:14	4	380	0	427
03:15	0	351	0	400
03:16	6	427	0	497
03:17	2	439	0	487
03:18	9	352	0	402
03:19	8	314	0	375
03:20	6	394	0	444
03:21	8	322	0	373
03:22	6	314	0	366
03:23	4	302	0	350
03:24	8	349	0	393
03:25	5	360	0	414
03:26	6	359	0	419
03:27	5	315	0	371
03:28	5	288	0	340
03:29	2	323	0	375
03:30	4	346	0	400
03:31	5	295	0	344
03:32	5	358	0	402
03:33	4	370	0	425
03:34	3	334	0	389
03:35	7	385	0	433
03:36	8	422	0	480
03:37	3	298	0	343
03:38	3	319	0	361
03:39	7	306	0	356
03:40	5	334	0	375
03:41	3	323	0	359
03:42	3	265	0	312
03:43	2	350	0	390
03:44	2	313	0	369
03:45	5	334	0	383
03:46	2	376	0	418
03:47	5	312	0	354
03:48	2	338	0	385
03:49	3	333	0	378
03:50	6	320	0	368
03:51	3	363	0	409
03:52	4	376	0	415
03:53	4	321	0	357
03:54	6	450	0	504
03:55	6	416	0	476
03:56	14	329	0	383
03:57	6	334	0	395
03:58	6	313	0	360
03:59	8	292	0	349
04:00	7	258	0	308
04:01	6	288	0	332
04:02	9	269	0	301
04:03	1	257	0	293
04:04	5	263	0	299
04:05	0	270	0	307
04:06	4	262	0	297
04:07	8	248	0	300
04:08	5	280	0	330
04:09	7	238	0	274
04:10	5	286	0	326
04:11	2	304	0	340
04:12	3	317	0	362
04:13	2	227	0	258
04:14	1	268	0	302
04:15	1	286	0	314
04:16	1	259	0	290
04:17	2	263	0	299
04:18	10	252	0	292
04:19	3	323	0	360
04:20	4	298	0	334
04:21	5	327	0	365
04:22	2	286	0	321
04:23	2	337	0	379
04:24	4	294	0	341
04:25	7	354	0	390
04:26	4	327	0	366
04:27	5	330	0	368
04:28	5	361	0	398
04:29	1	256	0	298
04:30	2	310	0	346
04:31	4	284	0	316
04:32	1	321	0	353
04:33	3	278	0	321
04:34	2	303	0	346
04:35	3	268	0	306
04:36	3	266	0	302
04:37	0	312	0	348
04:38	3	306	0	334
04:39	2	302	0	338
04:40	1	253	0	282
04:41	1	284	0	318
04:42	2	265	0	299
04:43	10	335	0	382
04:44	5	277	0	319
04:45	1	215	0	242
04:46	3	296	0	335
04:47	2	247	0	279
04:48	5	277	0	310
04:49	2	287	0	318
04:50	2	311	0	349
04:51	2	342	0	368
04:52	4	232	0	271
04:53	2	265	0	295
04:54	3	283	0	312
04:55	1	277	0	315
04:56	4	270	0	297
04:57	3	266	0	305
04:58	3	280	0	310
04:59	5	300	0	329
05:00	4	279	0	316
05:01	0	78	0	97
05:02	7	50	0	71
05:03	3	42	0	58
05:04	8	41	0	58
05:05	6	41	0	63
05:06	7	37	0	56
05:07	6	38	0	57
05:08	5	43	0	60
05:09	8	55	0	87
05:10	9	24	0	41
05:11	8	29	0	39
05:12	6	45	0	63
05:13	8	55	0	76
05:14	7	43	0	67
05:15	1	29	0	39
05:16	5	373	0	410
05:17	3	669	0	711
05:18	2	882	0	924
05:19	3	912	0	974
05:20	4	898	0	945
05:21	4	765	0	827
05:22	0	564	0	606
05:23	4	335	0	379
05:24	4	330	0	369
05:25	2	305	0	333
05:26	6	260	0	293
05:27	2	344	0	380
05:28	1	315	0	358
05:29	3	289	0	317
05:30	2	334	0	368
05:31	3	310	0	343
05:32	1	344	0	374
05:33	0	587	0	622
05:34	1	471	0	506
05:35	5	481	0	515
05:36	3	508	0	546
05:37	1	447	0	481
05:38	1	426	0	469
05:39	4	368	0	404
05:40	3	368	0	405
05:41	5	290	0	348
05:42	1	268	0	316
05:43	2	363	0	414
05:44	7	321	0	362
05:45	0	239	0	267
05:46	1	247	0	273
05:47	4	302	0	334
05:48	2	345	0	376
05:49	3	358	0	390
05:50	2	351	0	390
05:51	2	295	0	325
05:52	2	241	0	270
05:53	3	281	0	315
05:54	3	285	0	317
05:55	0	329	0	364
05:56	2	304	0	339
05:57	6	319	0	354
05:58	5	251	0	281
05:59	9	302	0	344
06:00	5	242	0	271
06:01	5	265	0	286
06:02	1	253	0	276
06:03	5	246	0	274
06:04	0	198	0	213
06:05	6	122	0	149
06:06	3	103	0	118
06:07	1	62	0	81
06:08	0	116	0	135
06:09	2	65	0	78
06:10	2	90	0	106
06:11	5	59	0	73
06:12	3	81	0	100
06:13	6	118	0	133
06:14	2	68	0	82
06:15	1	108	0	119
06:16	1	35	0	40
06:17	2	88	0	95
06:18	1	74	0	86
06:19	0	89	0	100
06:20	5	87	0	105
06:21	4	57	0	73
06:22	2	49	0	58
06:23	2	63	0	71
06:24	1	59	0	73
06:25	2	71	0	88
06:26	1	51	0	59
06:27	3	56	0	67
06:28	1	46	0	52
06:29	1	49	0	63
06:30	5	57	0	71
06:31	3	77	0	87
06:32	0	49	0	55
06:33	1	38	0	42
06:34	2	35	0	43
06:35	2	45	0	57
06:36	0	50	0	60
06:37	0	49	0	56
06:38	4	36	0	48
06:39	0	50	0	56
06:40	5	40	0	56
06:41	2	42	0	52
06:42	2	41	0	53
06:43	1	31	0	40
06:44	4	41	0	58
06:45	3	30	0	40
06:46	1	40	0	50
06:47	0	36	0	42
06:48	2	31	0	44
06:49	1	47	0	55
06:50	0	40	0	49
06:51	0	32	0	45
06:52	1	24	0	33
06:53	1	29	0	38
06:54	2	44	0	53
06:55	3	22	0	29
06:56	6	35	0	48
06:57	2	39	0	49
06:58	0	50	0	60
06:59	1	54	0	68
07:00	1	32	0	42
07:01	3	39	0	48
07:02	1	45	0	62
07:03	3	37	0	49
07:04	1	35	0	42
07:05	2	62	0	74
07:06	2	67	0	89
07:07	1	39	0	50
07:08	2	43	0	61
07:09	1	47	0	54
07:10	0	49	0	59
07:11	1	60	0	78
07:12	3	43	0	64
07:13	5	47	0	63
07:14	1	50	0	66
07:15	0	49	0	59
07:16	1	32	0	40
07:17	0	47	0	58
07:18	2	38	0	46
07:19	0	59	0	73
07:20	0	65	0	83
07:21	2	52	0	69
07:22	0	49	0	63
07:23	3	48	0	60
07:24	1	53	0	67
07:25	3	36	0	54
07:26	2	41	0	48
07:27	2	51	0	62
07:28	0	45	0	55
07:29	1	37	0	52
07:30	0	55	0	68
07:31	1	34	0	47
07:32	0	35	0	43
07:33	3	54	0	71
07:34	1	46	0	60
07:35	4	58	0	71
07:36	0	48	0	56
07:37	1	67	0	80
07:38	1	45	0	54
07:39	2	35	0	46
07:40	3	52	0	67
07:41	4	28	0	43
07:42	0	37	0	46
07:43	2	38	0	48
07:44	1	43	0	57
07:45	0	29	0	34
07:46	1	24	0	31
07:47	0	21	0	28
07:48	0	49	0	56
07:49	0	31	0	38
07:50	1	21	0	26
07:51	1	51	0	65
07:52	0	33	0	39
07:53	2	31	0	40
07:54	0	28	0	34
07:55	1	43	0	62
07:56	2	33	0	42
07:57	2	35	0	47
07:58	0	36	0	47
07:59	0	37	0	53
08:00	1	49	0	62
08:01	2	49	0	63
08:02	0	39	0	52
08:03	1	42	0	49
08:04	2	41	0	49
08:05	0	53	0	70
08:06	1	45	0	57
08:07	2	46	0	60
08:08	0	44	0	50
08:09	0	44	0	54
08:10	0	43	0	48
08:11	0	38	0	47
08:12	2	42	0	52
08:13	0	35	0	47
08:14	0	42	0	57
08:15	1	35	0	47
08:16	0	37	0	48
08:17	1	19	0	26
08:18	0	55	0	68
08:19	1	40	0	47
08:20	1	33	0	39
08:21	2	34	0	45
08:22	3	25	0	33
08:23	2	38	0	47
08:24	0	41	0	54
08:25	1	40	0	51
08:26	0	31	0	38
08:27	1	33	0	41
08:28	2	40	0	48
08:29	1	57	0	70
08:30	0	66	0	73
08:31	2	46	0	52
08:32	0	35	0	44
08:33	1	38	0	47
08:34	0	55	0	63
08:35	0	25	0	29
08:36	0	30	0	33
08:37	0	28	0	32
08:38	0	38	0	40
08:39	0	34	0	40
08:40	1	47	0	55
08:41	1	31	0	37
08:42	1	43	0	55
08:43	1	37	0	45
08:44	0	44	0	52
08:45	0	47	0	56
08:46	0	45	0	51
08:47	0	46	0	59
08:48	0	26	0	34
08:49	1	37	0	44
08:50	2	29	0	41
08:51	1	37	0	49
08:52	2	24	0	32
08:53	0	28	0	31
08:54	0	29	0	34
08:55	1	53	0	57
08:56	2	119	0	133
08:57	0	211	0	222
08:58	0	205	0	223
08:59	0	166	0	180
09:00	2	217	0	232
09:01	1	179	0	196
09:02	2	203	0	223
09:03	1	241	0	262
09:04	1	219	0	243
09:05	1	194	0	213
09:06	0	194	0	220
09:07	1	211	0	226
09:08	1	213	0	243
09:09	2	189	0	210
09:10	0	209	0	227
09:11	2	220	0	240
09:12	0	252	0	280
09:13	1	220	0	240
09:14	0	327	0	352
09:15	2	233	0	262
09:16	0	209	0	225
09:17	0	207	0	221
09:18	0	251	0	272
09:19	1	171	0	185
09:20	1	263	0	291
09:21	2	245	0	265
09:22	2	202	0	219
09:23	4	246	0	270
09:24	1	225	0	245
09:25	0	173	0	195
09:26	1	212	0	230
09:27	1	231	0	250
09:28	1	219	0	248
09:29	1	211	0	233
09:30	2	241	0	257
09:31	3	243	0	255
09:32	2	190	0	201
09:33	0	276	0	296
09:34	2	267	0	288
09:35	1	275	0	295
09:36	1	242	0	256
09:37	0	206	0	224
09:38	0	159	0	169
09:39	0	216	0	238
09:40	2	230	0	246
09:41	1	263	0	283
09:42	3	206	0	223
09:43	3	213	0	235
09:44	1	180	0	197
09:45	0	257	0	283
09:46	2	241	0	259
09:47	2	230	0	247
09:48	1	167	0	181
09:49	0	189	0	205
09:50	4	210	0	231
09:51	2	259	0	273
09:52	2	216	0	231
09:53	0	170	0	190
09:54	2	222	0	239
09:55	0	188	0	206
09:56	1	204	0	223
09:57	3	204	0	230
09:58	3	158	0	170
09:59	2	166	0	186
10:00	3	196	0	223
10:01	2	237	0	258
10:02	3	235	0	253
10:03	1	185	0	197
10:04	3	217	0	242
10:05	2	179	0	200
10:06	7	180	0	201
10:07	3	252	0	271
10:08	3	194	0	218
10:09	4	212	0	234
10:10	0	256	0	279
10:11	1	212	0	231
10:12	0	196	0	214
10:13	0	184	0	198
10:14	0	151	0	163
10:15	4	218	0	235
10:16	3	187	0	210
10:17	1	184	0	200
10:18	2	180	0	197
10:19	1	146	0	160
10:20	0	190	0	207
10:21	0	165	0	176
10:22	1	197	0	211
10:23	2	176	0	198
10:24	2	161	0	180
10:25	1	175	0	193
10:26	4	213	0	228
10:27	0	248	0	276
10:28	2	231	0	257
10:29	0	171	0	184
10:30	0	184	0	200
10:31	0	183	0	201
10:32	0	134	0	144
10:33	3	189	0	210
10:34	1	182	0	195
10:35	1	204	0	223
10:36	0	173	0	183
10:37	1	160	0	168
10:38	1	156	0	174
10:39	2	173	0	187
10:40	1	178	0	194
10:41	1	189	0	203
10:42	2	162	0	182
10:43	3	185	0	206
10:44	4	166	0	189
10:45	1	179	0	195
10:46	3	187	0	211
10:47	1	192	0	210
10:48	5	184	0	202
10:49	2	186	0	205
10:50	2	208	0	235
10:51	2	181	0	200
10:52	1	172	0	187
10:53	0	171	0	187
10:54	1	163	0	181
10:55	0	207	0	226
10:56	3	171	0	189
10:57	0	157	0	169
10:58	1	272	0	290
10:59	1	171	0	188
11:00	2	203	0	230
11:01	3	195	0	222
11:02	2	197	0	222
11:03	2	263	0	288
11:04	1	274	0	303
11:05	1	213	0	233
11:06	2	162	0	178
11:07	1	187	0	206
11:08	0	208	0	218
11:09	6	214	0	238
11:10	2	149	0	164
11:11	1	230	0	241
11:12	5	184	0	212
11:13	0	277	0	300
11:14	1	224	0	246
11:15	1	188	0	207
11:16	1	215	0	237
11:17	0	220	0	244
11:18	1	220	0	247
11:19	2	230	0	254
11:20	3	221	0	245
11:21	1	198	0	216
11:22	4	217	0	243
11:23	3	198	0	215
11:24	2	197	0	216
11:25	1	175	0	189
11:26	4	222	0	247
11:27	0	237	0	259
11:28	1	170	0	182
11:29	2	181	0	197
11:30	3	187	0	210
11:31	2	171	0	189
11:32	1	239	0	266
11:33	1	182	0	201
11:34	0	179	0	195
11:35	0	272	0	297
11:36	2	266	0	297
11:37	1	162	0	177
11:38	4	183	0	200
11:39	5	155	0	169
11:40	1	197	0	220
11:41	3	230	0	257
11:42	2	206	0	230
11:43	3	191	0	211
11:44	2	193	0	223
11:45	4	184	0	209
11:46	5	196	0	221
11:47	2	196	0	214
11:48	0	239	0	261
11:49	4	220	0	243
11:50	4	308	0	343
11:51	3	253	0	281
11:52	3	268	0	297
11:53	0	263	0	285
11:54	2	214	0	237
11:55	2	214	0	228
11:56	3	247	0	275
11:57	1	215	0	234
11:58	2	195	0	216
11:59	0	193	0	212
12:00	3	283	0	317
12:01	3	300	0	327
12:02	1	334	0	366
12:03	0	315	0	342
12:04	4	331	0	363
12:05	1	359	0	381
12:06	0	385	0	403
12:07	3	409	0	435
12:08	1	407	0	435
12:09	1	357	0	398
12:10	1	443	0	481
12:11	2	391	0	424
12:12	1	406	0	446
12:13	5	451	0	498
12:14	6	503	0	547
12:15	3	514	0	554
12:16	4	540	0	587
12:17	1	520	0	568
12:18	4	440	0	494
12:19	2	419	0	471
12:20	6	419	0	467
12:21	0	484	0	533
12:22	1	514	0	569
12:23	0	583	0	628
12:24	2	585	0	639
12:25	2	364	0	415
12:26	1	481	0	531
12:27	1	620	0	668
12:28	1	515	0	582
12:29	3	545	0	592
12:30	1	659	0	703
12:31	3	573	0	622
12:32	4	719	0	768
12:33	2	698	0	759
12:34	2	532	0	596
12:35	1	535	0	592
12:36	5	578	0	633
12:37	0	511	0	559
12:38	3	584	0	629
12:39	6	567	0	640
12:40	2	589	0	657
12:41	3	595	0	656
12:42	1	499	0	546
12:43	2	570	0	618
12:44	5	562	0	620
12:45	6	541	0	606
12:46	7	754	0	816
12:47	4	574	0	651
12:48	0	707	0	766
12:49	8	627	0	708
12:50	4	632	0	692
12:51	3	673	0	748
12:52	5	624	0	680
12:53	3	812	0	886
12:54	1	582	0	639
12:55	4	617	0	691
12:56	1	634	0	692
12:57	5	632	0	700
12:58	3	458	0	521
12:59	3	579	0	660
13:00	6	672	0	750
13:01	9	799	0	861
13:02	2	696	0	741
13:03	4	1070	0	1120
13:04	3	970	0	1011
13:05	6	992	0	1062
13:06	5	722	0	780
13:07	1	991	0	1040
13:08	6	853	0	904
13:09	5	870	0	932
13:10	5	1116	0	1162
13:11	5	966	0	1024
13:12	3	838	0	881
13:13	4	864	0	914
13:14	5	810	0	853
13:15	4	923	0	972
13:16	4	919	0	957
13:17	3	994	0	1077
13:18	1	839	0	919
13:19	6	675	0	745
13:20	7	740	0	800
13:21	3	801	0	855
13:22	5	984	0	1041
13:23	6	978	0	1038
13:24	3	760	0	816
13:25	5	429	0	494
13:26	9	580	0	637
13:27	2	703	0	761
13:28	2	670	0	727
13:29	3	741	0	835
13:30	1	730	0	819
13:31	4	939	0	997
13:32	4	819	0	887
13:33	11	893	0	950
13:34	4	1174	0	1235
13:35	4	1023	0	1081
13:36	3	945	0	1006
13:37	6	1025	0	1071
13:38	3	1035	0	1100
13:39	1	858	0	916
13:40	2	790	0	871
13:41	4	700	0	780
13:42	4	752	0	811
13:43	3	743	0	807
13:44	3	625	0	682
13:45	6	752	0	824
13:46	3	1074	0	1147
13:47	5	900	0	958
13:48	8	844	0	915
13:49	7	870	0	949
13:50	5	862	0	929
13:51	0	798	0	859
13:52	7	702	0	764
13:53	7	820	0	901
13:54	10	838	0	906
13:55	2	766	0	839
13:56	3	703	0	788
13:57	5	762	0	833
13:58	3	717	0	765
13:59	6	747	0	788
14:00	3	948	0	1005
14:01	4	1211	0	1287
14:02	8	718	0	800
14:03	5	861	0	932
14:04	4	779	0	860
14:05	5	732	0	796
14:06	5	888	0	967
14:07	5	886	0	982
14:08	4	823	0	923
14:09	2	756	0	824
14:10	6	771	0	844
14:11	6	823	0	901
14:12	2	759	0	832
14:13	6	748	0	832
14:14	10	595	0	670
14:15	7	666	0	754
14:16	5	653	0	739
14:17	5	663	0	770
14:18	8	618	0	720
14:19	6	552	0	638
14:20	7	462	0	534
14:21	1	584	0	659
14:22	5	632	0	708
14:23	11	550	0	634
14:24	1	547	0	626
14:25	5	587	0	657
14:26	3	632	0	715
14:27	4	541	0	625
14:28	6	565	0	651
14:29	5	581	0	672
14:30	6	502	0	575
14:31	7	496	0	570
14:32	4	506	0	583
14:33	3	478	0	547
14:34	10	499	0	588
14:35	6	503	0	575
14:36	4	564	0	656
14:37	9	588	0	668
14:38	7	562	0	630
14:39	5	420	0	485
14:40	10	523	0	602
14:41	3	531	0	605
14:42	8	476	0	532
14:43	3	637	0	722
14:44	9	494	0	587
14:45	1	463	0	528
14:46	4	501	0	569
14:47	6	526	0	596
14:48	6	481	0	564
14:49	6	491	0	558
14:50	8	549	0	633
14:51	4	436	0	493
14:52	8	527	0	602
14:53	5	564	0	638
14:54	7	525	0	598
14:55	8	554	0	636
14:56	4	493	0	571
14:57	4	457	0	531
14:58	5	515	0	581
14:59	7	429	0	515
15:00	3	472	0	536
15:01	4	423	0	486
15:02	6	505	0	582
15:03	5	669	0	726
15:04	5	689	0	763
15:05	6	607	0	689
15:06	3	614	0	684
15:07	5	702	0	768
15:08	8	692	0	778
15:09	4	672	0	738
15:10	5	792	0	886
15:11	5	819	0	886
15:12	4	780	0	870
15:13	4	737	0	804
15:14	5	848	0	924
15:15	4	721	0	797
15:16	7	800	0	872
15:17	4	803	0	862
15:18	4	828	0	919
15:19	9	713	0	787
15:20	8	823	0	906
15:21	5	834	0	886
15:22	4	921	0	993
15:23	1	955	0	1017
15:24	5	977	0	1083
15:25	4	697	0	781
15:26	5	884	0	957
15:27	8	820	0	895
15:28	7	815	0	914
15:29	10	719	0	815
15:30	10	811	0	916
15:31	4	825	0	908
15:32	8	758	0	824
15:33	4	901	0	998
15:34	6	899	0	992
15:35	9	627	0	725
15:36	6	591	0	680
15:37	4	818	0	888
15:38	4	865	0	951
15:39	6	767	0	856
15:40	3	728	0	840
15:41	3	661	0	766
15:42	4	575	0	665
15:43	11	679	0	759
15:44	6	815	0	914
15:45	6	953	0	1045
15:46	6	756	0	852
15:47	9	1000	0	1097
15:48	10	755	0	847
15:49	5	770	0	878
15:50	7	642	0	722
15:51	7	893	0	980
15:52	8	761	0	875
15:53	12	672	0	771
15:54	11	861	0	941
15:55	7	819	0	929
15:56	6	647	0	739
15:57	6	748	0	821
15:58	6	806	0	902
15:59	3	759	0	824
16:00	5	914	0	995
16:01	6	953	0	1022
16:02	11	971	0	1055
16:03	8	1043	0	1133
16:04	10	895	0	992
16:05	9	853	0	951
16:06	9	909	0	987
16:07	6	900	0	987
16:08	8	950	0	1082
16:09	7	601	0	699
16:10	8	713	0	809
16:11	12	664	0	770
16:12	10	581	0	663
16:13	8	811	0	885
16:14	10	879	0	976
16:15	9	869	0	958
16:16	6	754	0	866
16:17	7	696	0	777
16:18	9	855	0	950
16:19	13	788	0	876
16:20	6	909	0	1006
16:21	7	858	0	956
16:22	7	804	0	890
16:23	9	704	0	820
16:24	6	628	0	710
16:25	5	611	0	686
16:26	5	702	0	795
16:27	3	574	0	647
16:28	12	732	0	818
16:29	14	788	0	897
16:30	5	677	0	743
16:31	5	766	0	854
16:32	6	658	0	746
16:33	4	649	0	743
16:34	7	741	0	826
16:35	6	744	0	830
16:36	4	839	0	910
16:37	11	757	0	848
16:38	7	725	0	809
16:39	2	757	0	839
16:40	4	711	0	776
16:41	6	733	0	818
16:42	10	729	0	805
16:43	11	678	0	758
16:44	9	630	0	716
16:45	6	647	0	733
16:46	6	750	0	827
16:47	8	819	0	899
16:48	6	824	0	891
16:49	10	825	0	928
16:50	7	653	0	747
16:51	10	574	0	660
16:52	11	703	0	788
16:53	14	772	0	869
16:54	9	776	0	876
16:55	3	779	0	868
16:56	9	651	0	735
16:57	11	731	0	820
16:58	6	695	0	797
16:59	10	697	0	802
17:00	6	791	0	864
17:01	4	755	0	835
17:02	5	937	0	1007
17:03	10	921	0	1013
17:04	8	866	0	958
17:05	7	671	0	762
17:06	8	934	0	1039
17:07	8	791	0	894
17:08	11	746	0	837
17:09	7	648	0	748
17:10	11	686	0	789
17:11	9	633	0	737
17:12	13	648	0	747
17:13	9	636	0	722
17:14	4	678	0	756
17:15	6	856	0	950
17:16	9	712	0	822
17:17	8	706	0	812
17:18	10	643	0	738
17:19	6	628	0	706
17:20	11	843	0	929
17:21	8	815	0	909
17:22	6	782	0	868
17:23	7	741	0	823
17:24	8	690	0	773
17:25	8	832	0	935
17:26	6	812	0	908
17:27	5	769	0	850
17:28	6	818	0	898
17:29	8	846	0	922
17:30	5	755	0	861
17:31	11	698	0	790
17:32	4	736	0	813
17:33	5	739	0	809
17:34	7	793	0	894
17:35	6	746	0	831
17:36	8	772	0	878
17:37	14	739	0	833
17:38	11	700	0	796
17:39	13	801	0	892
17:40	4	838	0	935
17:41	7	735	0	828
17:42	7	786	0	887
17:43	17	670	0	784
17:44	11	628	0	712
17:45	10	595	0	684
17:46	7	803	0	878
17:47	6	830	0	922
17:48	5	819	0	910
17:49	7	746	0	820
17:50	16	800	0	884
17:51	10	866	0	948
17:52	6	907	0	1005
17:53	13	806	0	899
17:54	6	813	0	908
17:55	9	850	0	930
17:56	7	764	0	856
17:57	7	769	0	846
17:58	6	786	0	871
17:59	4	716	0	799
18:00	5	990	0	1055
18:01	2	865	0	942
18:02	10	838	0	922
18:03	6	854	0	944
18:04	7	749	0	823
18:05	8	767	0	856
18:06	9	749	0	831
18:07	9	824	0	916
18:08	6	839	0	920
18:09	6	864	0	948
18:10	15	904	0	985
18:11	12	720	0	812
18:12	9	799	0	872
18:13	11	854	0	921
18:14	6	785	0	853
18:15	11	801	0	876
18:16	6	954	0	1034
18:17	8	774	0	843
18:18	8	686	0	754
18:19	10	809	0	875
18:20	3	815	0	886
18:21	6	730	0	798
18:22	5	785	0	856
18:23	6	684	0	766
18:24	9	906	0	986
18:25	7	834	0	901
18:26	8	749	0	820
18:27	7	833	0	900
18:28	6	942	0	1020
18:29	4	869	0	946
18:30	6	951	0	1029
18:31	13	849	0	931
18:32	13	826	0	918
18:33	6	749	0	831
18:34	3	815	0	891
18:35	6	797	0	889
18:36	5	769	0	849
18:37	5	798	0	879
18:38	5	862	0	939
18:39	4	774	0	845
18:40	10	913	0	1003
18:41	13	848	0	956
18:42	9	806	0	894
18:43	7	913	0	1017
18:44	9	861	0	939
18:45	11	839	0	913
18:46	10	871	0	952
18:47	6	929	0	1001
18:48	7	855	0	933
18:49	4	771	0	857
18:50	1	860	0	947
18:51	8	789	0	860
18:52	8	781	0	875
18:53	11	930	0	1030
18:54	7	955	0	1025
18:55	9	896	0	985
18:56	8	1062	0	1146
18:57	7	906	0	990
18:58	5	862	0	936
18:59	6	765	0	852
19:00	7	888	0	963
19:01	7	1033	0	1117
19:02	7	1016	0	1099
19:03	10	876	0	961
19:04	13	968	0	1061
19:05	6	848	0	937
19:06	8	759	0	838
19:07	2	951	0	1009
19:08	7	1006	0	1086
19:09	8	1053	0	1157
19:10	7	985	0	1062
19:11	8	860	0	924
19:12	8	918	0	990
19:13	9	977	0	1048
19:14	12	922	0	1012
19:15	7	999	0	1075
19:16	9	1011	0	1086
19:17	8	868	0	942
19:18	8	968	0	1053
19:19	9	892	0	965
19:20	14	862	0	942
19:21	10	841	0	917
19:22	11	968	0	1054
19:23	8	844	0	904
19:24	17	962	0	1040
19:25	12	1016	0	1097
19:26	15	1048	0	1144
19:27	18	968	0	1055
19:28	9	941	0	1012
19:29	9	942	0	1015
19:30	11	990	0	1065
19:31	6	917	0	1007
19:32	2	801	0	885
19:33	7	869	0	959
19:34	4	968	0	1055
19:35	4	967	0	1045
19:36	3	963	0	1027
19:37	8	1061	0	1133
19:38	8	1006	0	1089
19:39	10	1015	0	1082
19:40	11	1044	0	1122
19:41	3	982	0	1054
19:42	5	907	0	994
19:43	5	939	0	1019
19:44	11	884	0	959
19:45	4	907	0	991
19:46	4	877	0	955
19:47	7	804	0	884
19:48	10	932	0	1025
19:49	8	793	0	869
19:50	7	895	0	991
19:51	9	1026	0	1108
19:52	5	1067	0	1158
19:53	7	1128	0	1203
19:54	6	819	0	890
19:55	10	1033	0	1130
19:56	7	982	0	1074
19:57	8	839	0	913
19:58	9	872	0	951
19:59	12	889	0	975
20:00	7	842	0	918
20:01	7	853	0	926
20:02	6	791	0	860
20:03	8	839	0	928
20:04	8	880	0	980
20:05	8	1056	0	1155
20:06	9	1016	0	1101
20:07	17	992	0	1083
20:08	8	1135	0	1212
20:09	8	992	0	1070
20:10	11	979	0	1082
20:11	4	877	0	953
20:12	9	831	0	904
20:13	5	811	0	901
20:14	6	1016	0	1088
20:15	2	1011	0	1080
20:16	11	979	0	1070
20:17	6	967	0	1046
20:18	10	964	0	1069
20:19	5	854	0	939
20:20	8	962	0	1038
20:21	3	985	0	1075
20:22	8	818	0	909
20:23	4	950	0	1040
20:24	11	936	0	1045
20:25	7	1054	0	1143
20:26	12	1066	0	1156
20:27	6	1038	0	1126
20:28	4	1004	0	1091
20:29	2	962	0	1047
20:30	7	969	0	1061
20:31	3	974	0	1046
20:32	8	969	0	1049
20:33	9	1061	0	1146
20:34	5	1014	0	1141
20:35	7	856	0	946
20:36	3	942	0	1032
20:37	13	881	0	961
20:38	9	928	0	1003
20:39	5	1081	0	1149
20:40	2	1195	0	1268
20:41	11	1057	0	1137
20:42	5	885	0	964
20:43	6	909	0	983
20:44	7	951	0	1059
20:45	7	861	0	937
20:46	10	850	0	946
20:47	9	1004	0	1097
20:48	5	788	0	867
20:49	14	840	0	935
20:50	3	855	0	923
20:51	13	926	0	1043
20:52	2	810	0	912
20:53	10	815	0	931
20:54	8	713	0	807
20:55	2	823	0	903
20:56	6	852	0	925
20:57	4	1062	0	1170
20:58	6	815	0	913
20:59	7	870	0	950
21:00	8	911	0	993
21:01	3	1034	0	1107
21:02	13	943	0	1049
21:03	9	1101	0	1189
21:04	6	987	0	1085
21:05	9	922	0	1004
21:06	9	982	0	1062
21:07	3	998	0	1076
21:08	6	1162	0	1258
21:09	7	924	0	1040
21:10	6	1085	0	1166
21:11	8	1061	0	1151
21:12	9	982	0	1081
21:13	11	889	0	956
21:14	5	924	0	995
21:15	8	982	0	1080
21:16	3	794	0	864
21:17	5	916	0	1005
21:18	7	1013	0	1085
21:19	6	928	0	991
21:20	10	920	0	997
21:21	9	1016	0	1107
21:22	11	934	0	1025
21:23	4	714	0	779
21:24	3	880	0	964
21:25	3	847	0	930
21:26	12	1029	0	1120
21:27	6	1003	0	1072
21:28	9	960	0	1025
21:29	5	982	0	1056
21:30	5	965	0	1045
21:31	3	926	0	1008
21:32	8	954	0	1033
21:33	9	969	0	1050
21:34	4	950	0	1029
21:35	5	1010	0	1090
21:36	5	841	0	919
21:37	6	925	0	1010
21:38	6	948	0	1027
21:39	6	794	0	896
21:40	5	854	0	938
21:41	4	879	0	946
21:42	9	873	0	895
21:43	4	973	0	1034
21:44	7	952	0	1146
21:45	6	840	0	918
21:46	4	932	0	1019
21:47	2	908	0	1001
21:48	8	870	0	965
21:49	12	865	0	964
21:50	8	972	0	1070
21:51	8	894	0	989
21:52	7	965	0	1032
21:53	9	1087	0	1168
21:54	8	1073	0	1192
21:55	10	892	0	968
21:56	6	1093	0	1179
21:57	6	1019	0	1110
21:58	3	925	0	1015
21:59	6	891	0	983
22:00	10	987	0	1071
22:01	8	966	0	1048
22:02	13	1015	0	1102
22:03	10	997	0	1080
22:04	9	1061	0	1145
22:05	9	1165	0	1260
22:06	8	1150	0	1224
22:07	7	1097	0	1175
22:08	8	1053	0	1138
22:09	14	861	0	945
22:10	4	890	0	995
22:11	7	777	0	870
22:12	4	845	0	909
22:13	6	777	0	867
22:14	7	967	0	1043
22:15	11	943	0	1028
22:16	12	1140	0	1228
22:17	9	1133	0	1211
22:18	4	836	0	938
22:19	11	914	0	1012
22:20	6	980	0	1072
22:21	10	860	0	951
22:22	10	883	0	961
22:23	7	1111	0	1179
22:24	4	1023	0	1083
22:25	6	986	0	1072
22:26	8	916	0	1006
22:27	5	861	0	954
22:28	5	780	0	850
22:29	8	841	0	923
22:30	4	1009	0	1107
22:31	11	1016	0	1112
22:32	8	1147	0	1256
22:33	5	1015	0	1095
22:34	12	913	0	997
22:35	9	1023	0	1112
22:36	6	1020	0	1101
22:37	9	708	0	758
22:38	6	986	0	986
22:39	9	840	0	1081
22:40	8	858	0	927
22:41	8	923	0	1004
22:42	7	948	0	1041
22:43	6	892	0	971
22:44	11	883	0	994
22:45	11	912	0	992
22:46	4	929	0	1051
22:47	8	1128	0	1215
22:48	7	978	0	1066
22:49	6	969	0	1067
22:50	8	946	0	1024
22:51	8	907	0	996
22:52	9	1001	0	1090
22:53	4	998	0	1091
22:54	7	916	0	995
22:55	4	1030	0	1123
22:56	5	961	0	1051
22:57	9	1178	0	1289
22:58	10	994	0	1079
22:59	4	869	0	961
23:00	7	876	0	971
23:01	5	931	0	1014
23:02	9	968	0	1036
23:03	11	1007	0	1113
23:04	3	1126	0	1214
23:05	6	1010	0	1084
23:06	17	832	0	919
23:07	14	1036	0	1111
23:08	10	1028	0	1122
23:09	10	970	0	1051
23:10	13	1057	0	1172
23:11	5	1048	0	1136
23:12	10	916	0	998
23:13	14	794	0	870
23:14	8	892	0	970
23:15	8	974	0	1040
23:16	10	971	0	1078
23:17	7	919	0	996
23:18	15	1018	0	1119
23:19	7	1120	0	1195
23:20	6	959	0	1020
23:21	4	1105	0	1180
23:22	11	982	0	1062
23:23	4	1002	0	1082
23:24	9	931	0	1007
23:25	7	803	0	863
23:26	5	848	0	913
23:27	7	1117	0	1191
23:28	12	1168	0	1240
23:29	7	933	0	1017
23:30	7	835	0	916
23:31	6	890	0	964
23:32	5	901	0	967
23:33	6	888	0	967
23:34	8	936	0	1008
23:35	5	1069	0	1142
23:36	10	954	0	1024
23:37	5	878	0	954
23:38	10	761	0	834
23:39	9	785	0	858
23:40	7	756	0	822
23:41	7	824	0	891
23:42	4	941	0	1014
23:43	4	892	0	970
23:44	8	913	0	978
23:45	6	745	0	816
23:46	8	858	0	929
23:47	10	897	0	968
23:48	9	876	0	960
23:49	8	842	0	912
23:50	12	973	0	1054
23:51	10	969	0	1043
23:52	15	953	0	1035
23:53	8	904	0	976
23:54	6	726	0	797
23:55	8	783	0	849
23:56	8	785	0	851
23:57	5	928	0	1005
23:58	3	843	0	911
23:59	6	873	0	952
