x	Polling Responses	Case Status Responses	Refresh Responses	Result Responses
0	0	0	0	0
00:00	10	168	187	294
00:00	5	62	90	96
00:01	5	85	111	92
00:02	5	87	104	80
00:03	4	65	82	82
00:04	4	80	116	90
00:05	6	68	83	100
00:06	6	74	90	82
00:07	4	82	104	89
00:08	4	81	110	104
00:09	5	66	87	79
00:10	5	63	83	84
00:11	5	70	97	85
00:12	2	74	84	73
00:13	1	71	91	72
00:14	2	73	110	84
00:15	5	64	88	65
00:16	5	98	122	92
00:17	4	66	90	92
00:18	5	71	89	71
00:19	7	66	85	83
00:20	6	68	88	107
00:21	5	56	74	54
00:22	4	68	84	74
00:23	4	64	87	73
00:24	5	74	91	80
00:25	5	83	104	97
00:26	5	57	84	84
00:27	4	70	95	90
00:28	6	78	104	89
00:29	6	57	77	85
00:30	4	60	82	82
00:31	5	75	98	110
00:32	6	75	94	91
00:33	4	58	75	79
00:34	4	58	83	67
00:35	4	76	101	97
00:36	6	70	85	96
00:37	3	64	84	113
00:38	5	68	96	103
00:39	6	68	82	77
00:40	5	77	100	94
00:41	7	73	90	78
00:42	6	74	93	114
00:43	7	71	85	104
00:44	4	66	89	81
00:45	5	51	72	94
00:46	4	73	102	125
00:47	6	80	100	82
00:48	5	67	91	92
00:49	9	49	58	95
00:50	4	43	63	90
00:51	3	58	80	107
00:52	7	47	61	74
00:53	6	70	86	104
00:54	4	57	73	67
00:55	5	71	97	96
00:56	6	74	92	96
00:57	7	44	66	100
00:58	5	52	71	85
00:59	6	59	79	70
01:00	6	57	74	94
01:01	6	48	60	83
01:02	5	83	102	102
01:03	5	73	95	73
01:04	6	83	95	49
01:05	6	77	97	73
01:06	7	79	94	94
01:07	5	64	75	71
01:08	3	51	79	110
01:09	5	62	81	101
01:10	5	65	85	85
01:11	6	63	78	76
01:12	8	60	68	50
01:13	9	61	63	38
01:14	9	55	57	45
01:15	9	36	35	45
01:16	10	39	39	35
01:17	5	45	68	72
01:18	6	74	96	72
01:19	3	69	97	82
01:20	2	77	111	81
01:21	2	76	120	117
01:22	4	73	102	110
01:23	6	77	92	87
01:24	3	70	92	92
01:25	7	58	72	88
01:26	7	67	84	87
01:27	4	62	75	62
01:28	4	44	70	65
01:29	4	48	68	62
01:30	6	59	76	70
01:31	7	47	61	62
01:32	7	41	56	72
01:33	6	59	79	106
01:34	8	63	73	63
01:35	6	57	68	67
01:36	7	56	72	87
01:37	6	56	70	98
01:38	5	54	73	102
01:39	5	26	44	76
01:40	5	30	49	66
01:41	4	45	70	72
01:42	6	59	76	89
01:43	4	39	58	90
01:44	7	37	48	62
01:45	6	40	51	85
01:46	4	29	56	77
01:47	6	44	62	81
01:48	6	53	64	81
01:49	5	37	63	74
01:50	6	49	60	73
01:51	6	40	49	66
01:52	7	28	37	56
01:53	6	33	52	68
01:54	6	48	70	95
01:55	3	53	77	104
01:56	4	53	76	105
01:57	4	34	49	75
01:58	6	31	48	60
01:59	3	36	62	77
02:00	3	41	63	81
02:01	4	50	60	81
02:02	3	38	62	100
02:03	6	39	54	73
02:04	5	39	57	62
02:05	6	38	49	55
02:06	5	49	64	77
02:07	4	46	65	84
02:08	8	56	67	104
02:09	5	36	61	81
02:10	7	44	61	89
02:11	7	41	53	70
02:12	5	40	55	78
02:13	6	40	63	81
02:14	5	48	69	93
02:15	4	50	64	82
02:16	5	49	64	85
02:17	4	48	67	87
02:18	7	49	66	83
02:19	5	49	63	87
02:20	6	36	52	85
02:21	5	33	48	65
02:22	7	50	65	80
02:23	6	47	65	89
02:24	5	45	68	75
02:25	3	48	62	99
02:26	3	43	63	95
02:27	5	39	61	83
02:28	4	36	53	59
02:29	4	40	60	80
02:30	6	53	74	83
02:31	9	37	50	70
02:32	5	28	44	57
02:33	8	38	55	86
02:34	7	31	43	58
02:35	6	32	47	62
02:36	7	44	59	93
02:37	6	39	58	89
02:38	4	48	64	71
02:39	7	33	45	72
02:40	5	41	55	76
02:41	7	42	60	66
02:42	7	29	44	74
02:43	6	37	49	74
02:44	7	39	49	63
02:45	7	36	47	73
02:46	6	35	44	54
02:47	6	35	51	71
02:48	5	37	53	80
02:49	7	43	56	74
02:50	6	34	44	66
02:51	3	25	42	65
02:52	4	36	49	72
02:53	4	41	60	73
02:54	6	32	48	72
02:55	5	42	60	82
02:56	7	45	56	79
02:57	6	30	48	60
02:58	5	31	50	68
02:59	6	35	50	68
03:00	4	24	39	57
03:01	6	34	44	61
03:02	8	25	36	48
03:03	7	30	39	56
03:04	5	26	43	61
03:05	6	42	58	74
03:06	6	32	44	62
03:07	7	31	44	49
03:08	5	34	47	75
03:09	5	26	35	48
03:10	7	14	26	40
03:11	6	32	50	58
03:12	6	27	40	62
03:13	5	23	32	45
03:14	4	31	50	67
03:15	6	35	56	65
03:16	5	35	56	81
03:17	5	25	45	58
03:18	8	28	39	47
03:19	5	29	40	54
03:20	8	28	43	63
03:21	6	20	31	40
03:22	8	27	39	61
03:23	7	29	43	67
03:24	6	22	39	43
03:25	3	26	41	62
03:26	4	34	51	71
03:27	5	35	58	78
03:28	7	32	47	57
03:29	6	24	34	49
03:30	5	29	50	59
03:31	6	26	39	53
03:32	8	22	34	55
03:33	5	30	54	72
03:34	5	29	44	66
03:35	7	25	36	52
03:36	5	33	46	66
03:37	5	22	36	48
03:38	4	26	52	66
03:39	8	30	43	66
03:40	3	22	36	36
03:41	5	22	44	61
03:42	5	29	41	66
03:43	7	25	37	59
03:44	6	32	50	69
03:45	7	24	37	46
03:46	7	21	32	48
03:47	7	20	31	45
03:48	5	30	45	63
03:49	5	27	40	55
03:50	6	20	37	47
03:51	8	33	44	58
03:52	7	22	32	40
03:53	6	34	41	56
03:54	5	27	43	52
03:55	7	30	44	52
03:56	5	23	33	44
03:57	6	20	34	45
03:58	8	26	36	48
03:59	6	30	44	57
04:00	7	27	41	62
04:01	6	21	35	55
04:02	6	26	38	42
04:03	7	20	30	53
04:04	7	23	33	36
04:05	4	19	35	63
04:06	8	27	41	44
04:07	8	22	31	38
04:08	4	16	32	39
04:09	5	22	35	39
04:10	6	26	38	52
04:11	6	22	34	56
04:12	4	29	39	55
04:13	5	19	41	49
04:14	7	31	40	62
04:15	5	24	36	48
04:16	5	30	43	53
04:17	8	23	36	51
04:18	7	21	29	41
04:19	6	15	28	30
04:20	6	21	37	40
04:21	6	31	43	68
04:22	6	14	26	32
04:23	8	28	36	36
04:24	5	16	32	45
04:25	5	24	35	56
04:26	6	19	27	35
04:27	4	20	37	46
04:28	7	22	29	43
04:29	5	21	32	43
04:30	8	23	31	36
04:31	6	15	28	44
04:32	6	23	35	44
04:33	5	25	37	44
04:34	8	19	29	41
04:35	8	17	34	40
04:36	6	27	38	49
04:37	7	24	33	50
04:38	6	16	30	36
04:39	5	25	42	50
04:40	6	17	24	32
04:41	8	25	33	43
04:42	7	12	25	27
04:43	3	24	43	51
04:44	5	28	40	49
04:45	7	19	32	37
04:46	6	17	33	50
04:47	5	20	30	37
04:48	6	21	35	50
04:49	6	22	29	43
04:50	8	20	36	41
04:51	6	28	37	43
04:52	8	13	18	25
04:53	7	18	26	27
04:54	7	23	28	38
04:55	6	19	29	42
04:56	6	17	34	37
04:57	6	18	27	30
04:58	8	17	24	34
04:59	7	15	26	32
05:00	8	18	24	40
05:01	8	14	21	30
05:02	6	23	38	48
05:03	6	22	33	46
05:04	6	20	30	40
05:05	6	21	32	44
05:06	6	19	29	40
05:07	7	18	29	41
05:08	6	23	35	45
05:09	7	30	38	59
05:10	9	11	18	22
05:11	7	16	23	28
05:12	6	17	32	41
05:13	7	27	39	48
05:14	8	20	27	49
05:15	7	15	19	28
05:16	8	15	23	36
05:17	7	15	26	37
05:18	7	21	29	43
05:19	7	22	28	44
05:20	8	17	24	34
05:21	6	11	24	30
05:22	7	19	28	44
05:23	8	20	30	35
05:24	8	23	33	46
05:25	8	14	22	30
05:26	7	13	28	42
05:27	7	22	31	37
05:28	8	35	45	57
05:29	7	16	25	34
05:30	8	14	24	29
05:31	7	11	16	25
05:32	6	16	23	29
05:33	5	19	27	35
05:34	9	19	25	26
05:35	7	16	24	25
05:36	8	24	30	33
05:37	6	14	23	27
05:38	7	18	30	41
05:39	8	20	27	32
05:40	7	15	23	31
05:41	8	36	43	60
05:42	7	22	36	39
05:43	7	21	33	47
05:44	8	16	22	25
05:45	6	11	20	18
05:46	7	16	23	25
05:47	6	6	15	28
05:48	6	9	22	34
05:49	9	17	27	31
05:50	7	14	22	35
05:51	9	12	15	23
05:52	8	12	22	25
05:53	10	16	21	28
05:54	9	14	18	25
05:55	8	16	20	19
05:56	9	10	16	28
05:57	8	11	15	23
05:58	9	8	15	28
05:59	7	12	25	30
06:00	8	15	22	30
06:01	8	15	21	32
06:02	8	9	19	19
06:03	7	13	17	25
06:04	7	12	21	31
06:05	8	15	22	35
06:06	8	8	16	20
06:07	5	14	19	22
06:08	7	18	30	47
06:09	6	9	19	33
06:10	7	14	25	30
06:11	8	9	14	21
06:12	7	13	22	36
06:13	8	10	17	23
06:14	8	12	18	23
06:15	7	10	16	26
06:16	6	10	20	26
06:17	7	12	23	26
06:18	8	12	15	24
06:19	5	15	31	45
06:20	8	15	21	27
06:21	7	11	22	29
06:22	8	10	16	19
06:23	7	12	25	28
06:24	6	24	32	50
06:25	7	20	29	32
06:26	8	10	18	25
06:27	8	17	22	27
06:28	6	12	21	29
06:29	8	17	24	36
06:30	8	16	21	24
06:31	8	13	19	29
06:32	8	11	16	19
06:33	8	11	19	29
06:34	6	16	25	33
06:35	8	18	24	33
06:36	6	16	27	40
06:37	9	18	23	38
06:38	8	12	19	36
06:39	8	16	21	26
06:40	8	12	17	22
06:41	7	14	23	30
06:42	6	11	27	41
06:43	9	14	15	23
06:44	8	14	23	31
06:45	8	8	20	19
06:46	7	14	20	30
06:47	6	16	27	44
06:48	7	15	21	34
06:49	5	15	28	32
06:50	7	17	26	32
06:51	8	13	20	37
06:52	8	10	17	27
06:53	6	12	25	38
06:54	5	22	32	43
06:55	6	8	17	28
06:56	8	10	19	26
06:57	7	11	23	31
06:58	4	21	33	39
06:59	4	17	32	55
07:00	8	17	25	32
07:01	5	12	25	34
07:02	6	23	41	60
07:03	5	16	28	38
07:04	4	14	27	39
07:05	5	21	39	53
07:06	5	28	41	64
07:07	8	16	24	39
07:08	3	18	27	45
07:09	4	17	31	42
07:10	6	18	34	46
07:11	5	22	39	55
07:12	7	16	30	43
07:13	6	21	33	40
07:14	4	20	36	49
07:15	5	18	35	57
07:16	4	11	24	34
07:17	8	24	38	45
07:18	7	14	28	43
07:19	5	26	46	62
07:20	7	33	45	65
07:21	7	16	30	42
07:22	6	22	36	61
07:23	3	16	35	51
07:24	8	30	42	60
07:25	7	17	24	36
07:26	4	14	29	34
07:27	7	21	34	44
07:28	5	22	33	48
07:29	6	20	33	44
07:30	6	21	37	51
07:31	6	15	29	36
07:32	8	16	23	31
07:33	5	22	38	53
07:34	7	20	35	52
07:35	6	21	36	50
07:36	6	21	33	47
07:37	6	23	40	51
07:38	8	20	32	41
07:39	6	16	24	35
07:40	5	18	32	43
07:41	7	16	28	40
07:42	8	20	29	34
07:43	6	12	29	41
07:44	6	20	29	52
07:45	7	16	23	31
07:46	9	12	20	26
07:47	8	8	18	25
07:48	7	20	31	35
07:49	7	11	21	31
07:50	8	7	18	24
07:51	8	24	36	44
07:52	9	12	20	25
07:53	7	14	26	33
07:54	8	14	21	27
07:55	8	16	25	40
07:56	9	18	24	37
07:57	7	18	28	38
07:58	7	16	25	43
07:59	8	19	29	40
08:00	4	17	35	40
08:01	5	17	32	49
08:02	4	20	33	45
08:03	4	16	30	32
08:04	6	17	31	43
08:05	4	25	39	62
08:06	4	15	28	41
08:07	8	23	34	48
08:08	7	11	22	31
08:09	7	21	32	40
08:10	6	17	29	40
08:11	7	18	27	37
08:12	6	17	28	40
08:13	7	15	28	35
08:14	7	20	30	43
08:15	7	18	30	37
08:16	7	16	25	34
08:17	9	10	17	27
08:18	8	14	24	34
08:19	8	16	21	30
08:20	6	16	27	37
08:21	9	15	23	36
08:22	6	11	22	28
08:23	7	19	29	34
08:24	3	18	35	50
08:25	7	18	27	45
08:26	6	14	26	28
08:27	5	16	23	32
08:28	5	8	24	34
08:29	4	18	33	54
08:30	6	15	25	28
08:31	7	9	19	21
08:32	6	12	23	33
08:33	7	11	25	33
08:34	7	20	27	36
08:35	7	13	20	26
08:36	6	13	22	25
08:37	5	8	18	28
08:38	7	17	30	33
08:39	8	11	18	29
08:40	4	17	35	48
08:41	6	14	24	28
08:42	7	18	28	36
08:43	7	20	29	43
08:44	7	14	25	35
08:45	8	17	26	38
08:46	7	15	26	31
08:47	6	17	29	42
08:48	7	13	20	29
08:49	7	16	23	33
08:50	3	13	20	28
08:51	8	17	20	25
08:52	9	13	17	23
08:53	9	11	16	22
08:54	7	12	19	24
08:55	7	10	17	17
08:56	8	20	24	27
08:57	8	14	22	32
08:58	8	14	21	26
08:59	8	15	21	24
09:00	8	9	16	18
09:01	9	11	16	17
09:02	8	10	17	18
09:03	7	7	10	17
09:04	8	9	15	16
09:05	7	11	18	30
09:06	4	10	22	25
09:07	6	14	24	31
09:08	7	13	28	32
09:09	7	10	21	26
09:10	6	10	16	24
09:11	7	14	24	30
09:12	7	18	31	36
09:13	8	10	18	22
09:14	7	12	24	30
09:15	9	17	22	34
09:16	7	7	16	16
09:17	7	10	17	28
09:18	7	10	19	24
09:19	8	7	12	19
09:20	9	12	18	15
09:21	8	7	10	16
09:22	7	9	18	24
09:23	7	13	19	27
09:24	7	12	17	23
09:25	8	12	21	28
09:26	8	8	14	17
09:27	8	12	23	23
09:28	8	14	24	31
09:29	8	6	9	12
09:30	8	8	12	21
09:31	7	6	15	20
09:32	8	8	13	15
09:33	8	11	22	29
09:34	9	9	13	16
09:35	9	7	12	20
09:36	8	6	18	19
09:37	7	12	25	29
09:38	8	12	16	19
09:39	8	11	20	25
09:40	9	8	15	17
09:41	7	13	19	23
09:42	9	12	17	21
09:43	7	9	12	17
09:44	8	6	16	26
09:45	6	11	19	28
09:46	8	10	18	19
09:47	8	11	20	30
09:48	8	8	17	21
09:49	8	10	18	21
09:50	7	4	15	18
09:51	8	12	18	18
09:52	8	8	10	13
09:53	8	14	26	38
09:54	8	10	21	33
09:55	8	12	17	22
09:56	8	13	22	29
09:57	8	14	20	38
09:58	8	9	19	18
09:59	6	9	15	18
10:00	9	15	19	19
10:01	7	11	22	25
10:02	6	12	19	22
10:03	7	7	12	21
10:04	8	16	24	33
10:05	8	11	19	28
10:06	7	13	19	28
10:07	7	12	22	22
10:08	7	9	21	22
10:09	9	8	11	17
10:10	7	8	16	20
10:11	6	15	24	33
10:12	8	10	16	22
10:13	8	9	14	19
10:14	7	3	17	19
10:15	8	15	19	28
10:16	9	12	14	22
10:17	9	7	9	12
10:18	9	8	14	17
10:19	6	5	10	11
10:20	7	10	18	26
10:21	8	12	21	27
10:22	9	7	12	17
10:23	8	8	15	19
10:24	6	10	18	22
10:25	6	2	11	11
10:26	7	16	24	35
10:27	8	13	21	27
10:28	8	11	17	18
10:29	8	9	16	16
10:30	8	11	19	24
10:31	6	10	20	29
10:32	7	8	17	27
10:33	9	11	16	21
10:34	9	8	12	16
10:35	8	7	12	17
10:36	9	10	14	17
10:37	9	3	7	9
10:38	8	7	14	19
10:39	8	11	14	17
10:40	8	13	19	26
10:41	6	5	16	21
10:42	7	13	26	27
10:43	8	17	22	35
10:44	7	10	18	24
10:45	8	11	19	26
10:46	7	20	30	42
10:47	8	8	17	21
10:48	6	8	17	23
10:49	8	9	15	19
10:50	9	8	11	17
10:51	7	7	18	25
10:52	8	12	20	26
10:53	8	10	19	20
10:54	8	9	17	24
10:55	7	10	18	26
10:56	7	13	22	28
10:57	7	11	22	31
10:58	5	16	25	39
10:59	6	11	24	33
11:00	6	15	25	39
11:01	7	22	30	42
11:02	8	13	20	25
11:03	5	12	20	34
11:04	9	16	21	30
11:05	8	8	17	21
11:06	7	9	19	22
11:07	8	14	17	24
11:08	7	12	19	23
11:09	9	11	20	22
11:10	6	12	21	26
11:11	10	8	14	18
11:12	5	11	21	30
11:13	5	12	22	28
11:14	8	13	21	30
11:15	6	11	16	22
11:16	10	10	12	13
11:17	7	11	18	24
11:18	8	10	17	23
11:19	7	11	25	39
11:20	6	15	27	32
11:21	7	11	19	23
11:22	8	9	20	29
11:23	7	12	19	29
11:24	5	14	27	34
11:25	7	12	22	26
11:26	9	17	19	31
11:27	6	13	26	38
11:28	7	12	21	18
11:29	6	15	23	26
11:30	7	10	19	25
11:31	7	10	19	27
11:32	7	21	31	39
11:33	7	15	30	46
11:34	6	13	27	33
11:35	9	20	25	32
11:36	7	12	22	29
11:37	7	14	19	23
11:38	6	11	24	31
11:39	4	14	25	36
11:40	8	15	22	28
11:41	8	16	27	36
11:42	9	11	19	27
11:43	7	12	25	29
11:44	5	20	33	42
11:45	9	24	32	44
11:46	6	17	30	37
11:47	8	14	20	27
11:48	4	23	39	56
11:49	5	23	34	46
11:50	6	21	33	38
11:51	6	16	32	48
11:52	7	20	25	36
11:53	8	8	23	30
11:54	7	25	35	52
11:55	6	10	20	25
11:56	4	12	29	48
11:57	6	20	34	44
11:58	5	18	29	41
11:59	8	13	20	33
12:00	6	29	40	48
12:01	5	31	45	56
12:02	7	30	43	54
12:03	8	25	33	52
12:04	6	31	38	54
12:05	6	34	49	62
12:06	7	36	46	42
12:07	7	44	57	51
12:08	5	45	55	61
12:09	6	47	53	82
12:10	7	39	54	64
12:11	6	43	56	64
12:12	7	41	49	73
12:13	7	49	58	63
12:14	7	51	61	53
12:15	7	55	69	75
12:16	8	55	61	60
12:17	5	56	72	76
12:18	6	46	60	81
12:19	3	33	49	73
12:20	5	50	67	74
12:21	6	52	64	72
12:22	5	57	76	102
12:23	6	55	65	71
12:24	8	40	48	59
12:25	6	48	54	69
12:26	4	45	63	78
12:27	5	73	90	87
12:28	6	60	73	98
12:29	6	56	65	87
12:30	3	43	57	75
12:31	4	59	71	79
12:32	6	81	92	66
12:33	7	73	80	92
12:34	7	56	66	94
12:35	4	53	64	91
12:36	6	52	64	77
12:37	4	43	62	84
12:38	5	64	77	78
12:39	6	66	79	95
12:40	7	57	67	72
12:41	5	69	83	97
12:42	6	50	66	89
12:43	5	57	75	65
12:44	8	59	70	89
12:45	4	46	60	77
12:46	3	64	85	78
12:47	6	74	90	95
12:48	2	79	101	107
12:49	7	64	72	72
12:50	5	51	72	77
12:51	4	62	82	89
12:52	6	73	90	71
12:53	6	79	92	99
12:54	3	61	84	100
12:55	5	61	76	97
12:56	5	64	76	88
12:57	4	60	78	99
12:58	7	61	77	81
12:59	4	65	83	118
13:00	7	53	75	79
13:01	6	80	92	65
13:02	4	67	81	57
13:03	5	101	117	72
13:04	9	105	114	67
13:05	6	77	93	79
13:06	5	66	82	81
13:07	4	90	103	72
13:08	6	86	101	59
13:09	7	85	99	85
13:10	5	95	108	64
13:11	5	92	103	76
13:12	7	90	101	58
13:13	7	81	99	52
13:14	7	73	83	57
13:15	5	95	114	67
13:16	8	93	109	69
13:17	7	90	97	86
13:18	7	77	90	96
13:19	6	58	73	84
13:20	5	75	94	78
13:21	6	81	95	86
13:22	6	67	80	61
13:23	6	84	101	76
13:24	7	73	90	105
13:25	6	49	68	89
13:26	4	65	88	96
13:27	4	80	100	100
13:28	4	71	89	88
13:29	6	78	92	107
13:30	6	70	85	125
13:31	6	94	113	74
13:32	6	100	114	76
13:33	5	85	100	64
13:34	6	119	138	87
13:35	4	106	125	86
13:36	7	92	106	77
13:37	6	98	120	73
13:38	6	104	120	72
13:39	7	94	106	73
13:40	5	87	100	101
13:41	5	65	84	99
13:42	6	76	90	95
13:43	5	70	87	100
13:44	6	63	78	75
13:45	5	92	112	107
13:46	4	120	135	81
13:47	5	99	117	84
13:48	3	86	107	85
13:49	4	102	117	122
13:50	5	77	96	90
13:51	4	67	88	89
13:52	5	74	94	88
13:53	4	97	114	95
13:54	4	100	119	93
13:55	5	97	114	102
13:56	6	91	99	107
13:57	8	61	72	59
13:58	5	68	82	55
13:59	5	65	80	60
14:00	6	95	115	71
14:01	7	104	119	69
14:02	5	96	116	109
14:03	5	79	95	106
14:04	6	90	104	95
14:05	7	88	101	125
14:06	3	77	95	99
14:07	3	77	99	93
14:08	4	84	108	126
14:09	5	83	103	106
14:10	6	99	119	103
14:11	4	88	105	94
14:12	4	75	97	121
14:13	7	80	99	96
14:14	4	37	55	76
14:15	5	65	85	114
14:16	5	64	76	102
14:17	6	73	85	99
14:18	6	77	89	100
14:19	6	61	76	84
14:20	5	45	61	79
14:21	4	39	57	71
14:22	3	64	86	104
14:23	5	59	82	125
14:24	6	76	91	99
14:25	3	61	85	90
14:26	4	66	93	117
14:27	7	55	71	108
14:28	3	57	89	108
14:29	6	60	81	101
14:30	6	49	67	86
14:31	5	56	74	87
14:32	4	50	65	78
14:33	3	48	67	99
14:34	3	55	76	106
14:35	2	48	63	84
14:36	2	47	70	101
14:37	3	64	88	101
14:38	5	55	72	97
14:39	2	48	71	94
14:40	4	61	85	104
14:41	7	56	69	91
14:42	4	53	67	80
14:43	6	69	91	102
14:44	5	56	69	100
14:45	3	48	71	89
14:46	5	73	93	105
14:47	4	58	78	98
14:48	4	44	67	98
14:49	3	62	79	106
14:50	7	60	84	101
14:51	7	45	56	77
14:52	5	68	90	119
14:53	3	49	62	95
14:54	2	48	77	88
14:55	2	73	94	113
14:56	2	48	79	112
14:57	5	64	80	125
14:58	5	53	78	109
14:59	3	43	67	104
15:00	3	52	74	110
15:01	3	59	83	98
15:02	3	60	81	102
15:03	3	80	109	117
15:04	3	80	100	107
15:05	2	68	92	124
15:06	2	65	97	118
15:07	6	79	98	104
15:08	4	71	88	92
15:09	4	61	92	98
15:10	6	96	114	113
15:11	5	85	103	95
15:12	5	91	113	111
15:13	5	87	105	121
15:14	3	83	100	114
15:15	4	66	98	106
15:16	5	86	98	106
15:17	5	83	102	76
15:18	3	98	114	112
15:19	3	76	101	128
15:20	3	98	123	127
15:21	5	86	107	98
15:22	4	96	110	100
15:23	5	106	128	94
15:24	2	116	137	137
15:25	6	92	106	115
15:26	2	94	116	86
15:27	1	94	117	98
15:28	2	111	132	130
15:29	2	83	117	150
15:30	5	109	127	149
15:31	6	88	107	90
15:32	4	95	116	93
15:33	4	98	112	123
15:34	2	106	129	133
15:35	3	76	97	151
15:36	3	67	89	111
15:37	2	96	118	95
15:38	4	87	111	125
15:39	6	85	103	116
15:40	6	86	104	138
15:41	2	67	91	136
15:42	2	60	83	133
15:43	3	76	99	124
15:44	3	98	132	154
15:45	3	126	155	158
15:46	4	101	120	128
15:47	3	117	141	120
15:48	5	91	111	106
15:49	5	91	114	168
15:50	4	65	90	123
15:51	5	100	123	122
15:52	7	95	107	103
15:53	5	70	99	157
15:54	6	126	140	116
15:55	4	94	114	134
15:56	3	70	93	133
15:57	3	81	106	111
15:58	4	97	117	127
15:59	4	86	97	94
16:00	3	101	136	102
16:01	2	117	143	88
16:02	2	119	147	130
16:03	2	122	142	122
16:04	2	96	124	125
16:05	2	113	147	124
16:06	2	126	157	117
16:07	3	117	147	111
16:08	3	125	150	182
16:09	1	60	85	130
16:10	2	83	117	107
16:11	3	70	102	128
16:12	5	70	86	116
16:13	5	88	117	93
16:14	4	110	126	115
16:15	3	88	114	99
16:16	1	77	106	131
16:17	2	80	103	115
16:18	1	106	141	121
16:19	3	99	125	117
16:20	5	104	125	126
16:21	4	106	126	120
16:22	3	80	99	93
16:23	2	88	114	150
16:24	2	63	98	126
16:25	3	71	99	101
16:26	3	77	109	134
16:27	5	50	70	106
16:28	4	74	100	108
16:29	3	95	117	147
16:30	6	90	113	82
16:31	4	84	112	115
16:32	4	74	97	108
16:33	2	93	115	123
16:34	3	86	113	101
16:35	2	89	127	129
16:36	4	91	121	110
16:37	5	93	114	120
16:38	2	73	106	112
16:39	5	83	107	105
16:40	4	90	112	107
16:41	5	100	126	119
16:42	4	94	118	140
16:43	5	65	92	82
16:44	4	95	112	124
16:45	4	78	108	116
16:46	5	86	112	111
16:47	6	97	114	96
16:48	4	103	128	86
16:49	5	88	109	138
16:50	5	69	99	126
16:51	3	77	100	110
16:52	2	88	119	135
16:53	2	96	126	150
16:54	2	84	112	127
16:55	2	104	135	128
16:56	2	60	84	90
16:57	1	95	121	113
16:58	3	82	114	151
16:59	2	95	123	135
17:00	3	88	109	98
17:01	3	94	122	116
17:02	3	123	151	117
17:03	3	87	119	136
17:04	4	105	126	117
17:05	2	69	89	105
17:06	1	93	127	141
17:07	2	80	107	124
17:08	1	95	123	134
17:09	2	73	110	142
17:10	2	85	115	132
17:11	2	67	111	169
17:12	3	75	114	150
17:13	3	83	115	154
17:14	3	96	122	124
17:15	4	102	133	151
17:16	4	82	109	158
17:17	4	85	122	168
17:18	2	72	106	143
17:19	2	81	106	131
17:20	1	95	117	115
17:21	2	100	133	134
17:22	1	104	133	144
17:23	2	88	109	115
17:24	1	65	94	104
17:25	1	84	112	128
17:26	2	92	122	123
17:27	2	80	112	122
17:28	1	100	136	145
17:29	2	93	116	104
17:30	2	98	132	147
17:31	1	90	126	146
17:32	2	81	118	116
17:33	2	100	128	136
17:34	1	72	107	130
17:35	2	89	111	146
17:36	1	73	109	151
17:37	2	78	103	120
17:38	2	73	114	106
17:39	2	93	126	132
17:40	1	110	147	164
17:41	2	92	121	144
17:42	2	94	129	149
17:43	1	84	114	149
17:44	1	89	110	137
17:45	2	69	101	122
17:46	1	123	143	134
17:47	2	106	131	138
17:48	2	104	143	158
17:49	1	97	136	137
17:50	2	106	125	111
17:51	1	84	121	123
17:52	2	122	145	138
17:53	1	95	116	114
17:54	1	109	135	145
17:55	1	93	113	94
17:56	2	100	127	135
17:57	1	88	120	139
17:58	1	88	108	106
17:59	1	87	106	121
18:00	2	113	154	131
18:01	1	126	145	129
18:02	2	109	146	124
18:03	2	101	128	129
18:04	1	111	138	144
18:05	2	108	143	137
18:06	1	84	109	105
18:07	2	103	133	131
18:08	2	126	160	123
18:09	1	105	137	131
18:10	2	87	110	88
18:11	1	105	127	126
18:12	2	105	128	95
18:13	1	79	109	87
18:14	2	110	135	101
18:15	1	84	111	112
18:16	2	113	146	121
18:17	1	77	101	93
18:18	2	79	110	101
18:19	1	94	118	106
18:20	1	103	134	111
18:21	2	88	122	104
18:22	1	80	105	127
18:23	2	82	113	101
18:24	2	99	129	99
18:25	1	89	114	102
18:26	2	95	130	120
18:27	1	88	126	100
18:28	2	95	134	121
18:29	2	104	132	140
18:30	2	108	137	140
18:31	1	102	135	119
18:32	2	115	148	124
18:33	1	82	113	141
18:34	2	114	153	125
18:35	2	110	134	119
18:36	1	96	126	112
18:37	2	116	147	131
18:38	2	100	141	130
18:39	2	112	142	125
18:40	1	120	159	137
18:41	2	98	137	114
18:42	2	119	153	132
18:43	2	120	163	163
18:44	2	104	134	116
18:45	2	97	124	117
18:46	2	93	134	112
18:47	1	108	141	135
18:48	2	111	151	147
18:49	2	96	127	138
18:50	2	93	120	97
18:51	1	88	126	110
18:52	2	92	111	122
18:53	1	97	136	134
18:54	2	113	133	113
18:55	1	111	146	104
18:56	2	138	169	113
18:57	2	120	149	122
18:58	1	121	150	135
18:59	2	106	135	128
19:00	2	129	167	134
19:01	1	124	164	128
19:02	2	127	155	125
19:03	1	114	142	119
19:04	2	124	162	148
19:05	2	125	146	125
19:06	1	93	124	119
19:07	2	106	131	93
19:08	1	108	141	106
19:09	2	123	149	144
19:10	1	109	147	134
19:11	2	119	142	109
19:12	1	115	130	108
19:13	1	114	145	112
19:14	1	133	150	114
19:15	2	118	142	103
19:16	2	115	152	131
19:17	1	119	143	120
19:18	1	104	133	163
19:19	2	105	130	112
19:20	1	106	135	120
19:21	1	90	105	84
19:22	1	84	112	117
19:23	1	124	143	109
19:24	1	97	118	63
19:25	2	117	150	112
19:26	1	119	143	113
19:27	2	126	146	99
19:28	1	114	133	72
19:29	1	112	143	100
19:30	1	120	144	91
19:31	2	105	148	143
19:32	2	94	113	126
19:33	1	96	121	119
19:34	2	102	131	121
19:35	1	113	146	109
19:36	2	114	146	96
19:37	1	116	139	98
19:38	1	109	135	99
19:39	2	117	138	82
19:40	1	111	135	93
19:41	1	103	129	98
19:42	1	98	121	116
19:43	2	104	130	122
19:44	1	98	128	110
19:45	2	85	120	100
19:46	2	86	119	121
19:47	1	95	112	86
19:48	2	95	128	129
19:49	1	90	118	108
19:50	1	101	130	146
19:51	2	111	138	106
19:52	1	131	161	112
19:53	2	123	152	110
19:54	1	106	123	92
19:55	1	99	132	107
19:56	1	135	153	124
19:57	2	93	116	90
19:58	1	86	108	89
19:59	1	94	130	104
20:00	2	89	111	106
20:01	1	89	125	122
20:02	2	84	106	90
20:03	1	79	102	88
20:04	1	106	138	145
20:05	2	99	132	134
20:06	2	118	150	105
20:07	1	117	137	104
20:08	1	140	166	107
20:09	2	100	121	94
20:10	1	93	123	118
20:11	1	99	124	106
20:12	2	93	126	100
20:13	1	98	118	132
20:14	2	100	135	111
20:15	1	99	121	110
20:16	2	137	158	122
20:17	1	111	129	106
20:18	2	120	157	139
20:19	1	80	114	133
20:20	2	102	131	128
20:21	1	104	135	158
20:22	2	93	118	132
20:23	1	125	150	132
20:24	1	131	154	130
20:25	2	119	150	129
20:26	1	122	150	116
20:27	2	114	138	98
20:28	1	125	158	131
20:29	1	120	141	132
20:30	1	129	150	120
20:31	2	115	134	87
20:32	1	113	140	95
20:33	1	119	144	97
20:34	1	128	154	147
20:35	2	87	125	143
20:36	2	121	154	139
20:37	1	96	118	93
20:38	1	111	134	107
20:39	2	119	140	87
20:40	1	140	172	121
20:41	2	133	157	101
20:42	1	104	139	110
20:43	2	115	145	136
20:44	1	116	133	102
20:45	1	95	121	83
20:46	2	95	120	109
20:47	1	103	128	122
20:48	1	75	104	95
20:49	2	87	114	118
20:50	2	104	139	154
20:51	1	128	165	171
20:52	2	100	138	162
20:53	1	86	111	147
20:54	2	92	119	126
20:55	1	103	121	102
20:56	1	116	145	135
20:57	2	128	164	168
20:58	2	99	123	157
20:59	1	103	135	119
21:00	1	100	126	104
21:01	1	110	131	105
21:02	2	112	142	149
21:03	1	110	127	96
21:04	1	108	120	108
21:05	1	106	131	93
21:06	1	111	140	114
21:07	2	119	155	105
21:08	2	140	175	128
21:09	1	111	138	130
21:10	2	109	137	89
21:11	1	106	140	131
21:12	2	121	150	108
21:13	1	97	126	81
21:14	2	130	146	112
21:15	1	102	139	141
21:16	1	84	105	105
21:17	2	110	145	132
21:18	1	89	113	95
21:19	2	94	124	92
21:20	1	107	131	106
21:21	2	128	164	131
21:22	2	100	129	130
21:23	1	89	117	129
21:24	1	96	124	111
21:25	1	91	106	103
21:26	1	91	114	88
21:27	2	114	150	109
21:28	2	113	140	116
21:29	1	105	137	115
21:30	2	101	124	104
21:31	1	93	124	118
21:32	1	72	99	86
21:33	2	114	148	120
21:34	2	108	137	103
21:35	1	110	145	127
21:36	2	99	120	86
21:37	1	95	127	116
21:38	2	108	140	117
21:39	1	101	125	121
21:40	2	99	124	133
21:41	1	58	84	70
21:42	2	91	120	42
21:43	1	96	122	65
21:44	2	94	120	254
21:45	1	97	120	132
21:46	2	89	124	123
21:47	1	88	117	114
21:48	2	96	127	170
21:49	2	97	132	129
21:50	1	113	144	118
21:51	2	101	128	122
21:52	1	127	158	130
21:53	1	140	163	98
21:54	2	139	160	144
21:55	1	88	124	134
21:56	2	122	147	106
21:57	1	108	142	132
21:58	2	114	134	99
21:59	1	88	125	133
22:00	1	123	147	121
22:01	2	107	140	114
22:02	2	122	162	123
22:03	2	100	129	113
22:04	1	121	145	105
22:05	2	134	162	127
22:06	1	129	159	100
22:07	2	111	150	120
22:08	1	137	163	111
22:09	2	107	133	95
22:10	1	93	127	119
22:11	2	91	113	134
22:12	1	93	130	111
22:13	2	103	127	117
22:14	2	119	154	115
22:15	1	101	128	96
22:16	2	132	161	106
22:17	1	125	155	101
22:18	1	98	124	142
22:19	2	99	129	122
22:20	2	132	172	155
22:21	1	108	133	102
22:22	1	87	110	100
22:23	2	122	148	107
22:24	1	125	145	84
22:25	1	84	100	104
22:26	2	99	133	137
22:27	1	103	125	110
22:28	1	101	128	108
22:29	2	95	138	134
22:30	2	118	148	161
22:31	1	115	143	128
22:32	2	124	159	132
22:33	1	101	126	110
22:34	2	96	122	86
22:35	1	129	156	125
22:36	1	120	147	142
22:37	1	75	97	48
22:38	2	113	136	0
22:39	1	97	123	294
22:40	2	103	131	102
22:41	1	123	148	138
22:42	1	115	144	125
22:43	2	101	135	116
22:44	2	99	129	126
22:45	1	90	114	105
22:46	1	113	141	138
22:47	1	123	144	106
22:48	2	111	134	105
22:49	1	105	143	106
22:50	2	107	137	102
22:51	2	106	143	125
22:52	1	104	133	152
22:53	2	122	154	139
22:54	1	103	130	108
22:55	2	111	144	119
22:56	1	126	150	123
22:57	2	132	163	129
22:58	1	107	135	119
22:59	2	97	119	121
23:00	1	88	121	106
23:01	1	105	130	114
23:02	2	109	128	97
23:03	1	126	160	135
23:04	2	120	143	127
23:05	1	118	155	95
23:06	1	102	122	100
23:07	2	119	138	107
23:08	1	131	151	130
23:09	1	108	134	104
23:10	2	128	152	152
23:11	1	110	138	125
23:12	1	108	126	108
23:13	2	84	117	109
23:14	1	109	136	105
23:15	2	109	146	128
23:16	1	100	131	150
23:17	2	121	146	127
23:18	1	139	176	130
23:19	2	168	187	109
23:20	1	136	162	108
23:21	1	124	154	109
23:22	2	111	148	131
23:23	2	125	158	116
23:24	1	121	134	91
23:25	1	86	116	86
23:26	2	117	152	119
23:27	1	123	150	105
23:28	2	123	161	112
23:29	2	78	113	100
23:30	1	83	110	111
23:31	2	102	135	102
23:32	1	110	132	122
23:33	2	88	114	112
23:34	1	102	126	97
23:35	2	132	160	96
23:36	1	105	135	107
23:37	1	87	110	83
23:38	2	97	123	108
23:39	1	90	117	90
23:40	1	77	102	97
23:41	2	92	114	96
23:42	1	106	143	114
23:43	2	93	132	127
23:44	1	103	124	89
23:45	1	87	99	96
23:46	2	81	109	90
23:47	1	105	140	100
23:48	1	105	126	108
23:49	2	85	109	92
23:50	1	122	151	108
23:51	2	102	136	108
23:52	1	108	131	95
23:53	1	89	118	95
23:54	2	89	113	106
23:55	1	86	115	96
23:56	2	87	110	85
23:57	1	112	149	103
23:58	1	99	118	116
23:59	1	89	112	95
