x	Lock Failures	Exceptions	Timeouts	Responses
0	0	0	0	0
00:00	14	43	5	688
00:00	0	10	1	464
00:01	3	11	0	511
00:02	5	17	0	438
00:03	2	19	0	546
00:04	2	13	0	530
00:05	4	14	0	515
00:06	5	15	0	491
00:07	3	12	0	482
00:08	1	9	0	465
00:09	4	10	100	507
00:10	4	14	100	477
00:11	0	14	200	497
00:12	3	14	0	450
00:13	6	10	0	523
00:14	5	11	0	498
00:15	3	11	0	462
00:16	3	12	0	496
00:17	2	19	0	449
00:18	5	15	0	520
00:19	6	19	0	508
00:20	4	22	0	518
00:21	1	20	0	481
00:22	1	18	0	481
00:23	3	13	0	489
00:24	2	15	0	525
00:25	1	9	0	478
00:26	1	5	0	498
00:27	4	8	0	515
00:28	2	13	0	505
00:29	1	12	0	441
00:30	3	11	0	484
00:31	2	19	0	487
00:32	3	100	0	508
00:33	3	8	0	465
00:34	1	7	0	486
00:35	2	11	0	497
00:36	4	20	0	530
00:37	1	21	0	490
00:38	0	15	0	483
00:39	2	7	0	480
00:40	0	9	0	528
00:41	1	13	0	517
00:42	1	17	0	493
00:43	4	16	0	498
00:44	6	19	200	468
00:45	1	25	200	408
00:46	4	19	0	535
00:47	2	15	0	478
00:48	6	11	0	520
00:49	1	12	0	475
00:50	2	7	0	505
00:51	4	13	0	431
00:52	8	10	0	548
00:53	3	12	0	498
00:54	2	10	0	481
00:55	1	11	0	437
00:56	0	12	0	525
00:57	3	10	0	435
00:58	1	7	0	139
00:59	0	16	0	390
01:00	0	22	0	599
01:01	1	9	0	538
01:02	2	10	0	449
01:03	4	6	0	496
01:04	0	4	0	491
01:05	2	3	0	487
01:06	0	12	0	466
01:07	4	15	0	484
01:08	4	17	0	536
01:09	2	19	0	508
01:10	3	16	0	516
01:11	1	17	0	448
01:12	0	17	0	471
01:13	3	10	0	469
01:14	3	10	0	495
01:15	1	14	0	495
01:16	3	13	0	439
01:17	1	20	0	472
01:18	0	23	0	495
01:19	1	16	0	489
01:20	0	11	0	476
01:21	3	11	0	496
01:22	7	13	0	455
01:23	5	23	0	524
01:24	3	20	0	482
01:25	1	13	0	455
01:26	5	10	200	484
01:27	2	17	0	459
01:28	0	16	250	493
01:29	0	7	200	497
01:30	3	8	0	520
01:31	3	14	100	492
01:32	3	16	0	479
01:33	5	17	0	503
01:34	4	17	0	547
01:35	2	14	0	480
01:36	1	14	0	480
01:37	1	12	0	493
01:38	0	9	0	461
01:39	4	10	0	471
01:40	5	17	0	524
01:41	5	17	0	475
01:42	6	14	0	461
01:43	2	14	0	490
01:44	3	8	0	458
01:45	2	7	0	446
01:46	1	5	0	406
01:47	0	6	0	482
01:48	0	11	0	487
01:49	0	11	0	524
01:50	1	17	0	533
01:51	0	15	0	491
01:52	3	14	0	468
01:53	4	11	0	486
01:54	5	14	0	514
01:55	7	22	0	478
01:56	4	22	0	458
01:57	2	19	0	463
01:58	2	12	0	455
01:59	2	15	0	495
02:00	3	16	0	481
02:01	2	14	0	484
02:02	4	13	0	449
02:03	5	11	0	453
02:04	2	19	0	500
02:05	2	20	0	448
02:06	2	22	0	508
02:07	0	19	0	422
02:08	0	13	0	432
02:09	0	8	0	464
02:10	0	6	0	472
02:11	1	6	0	449
02:12	1	6	0	458
02:13	2	5	0	462
02:14	1	4	0	439
02:15	1	3	0	416
02:16	1	3	0	437
02:17	0	8	0	472
02:18	0	9	0	463
02:19	0	6	0	427
02:20	0	8	0	436
02:21	0	7	0	453
02:22	1	8	0	488
02:23	0	8	0	456
02:24	1	8	0	459
02:25	1	8	0	394
02:26	2	9	0	455
02:27	1	10	0	471
02:28	0	8	0	453
02:29	0	7	0	434
02:30	0	10	0	407
02:31	2	9	0	468
02:32	0	8	0	488
02:33	1	8	0	417
02:34	2	11	0	444
02:35	0	8	0	433
02:36	0	6	0	431
02:37	0	4	0	455
02:38	3	7	0	400
02:39	2	12	0	457
02:40	0	13	0	459
02:41	0	6	0	462
02:42	0	5	0	442
02:43	0	8	0	426
02:44	1	11	0	432
02:45	0	12	0	456
02:46	3	7	0	441
02:47	3	3	0	449
02:48	1	7	0	455
02:49	0	6	0	480
02:50	0	5	0	438
02:51	0	5	0	410
02:52	2	8	0	434
02:53	1	12	0	439
02:54	2	8	0	428
02:55	2	9	0	418
02:56	4	14	0	456
02:57	1	11	0	417
02:58	0	9	0	466
02:59	0	6	0	454
03:00	1	2	0	438
03:01	0	2	0	418
03:02	0	5	0	436
03:03	0	6	0	448
03:04	0	6	0	495
03:05	0	4	0	472
03:06	0	7	0	433
03:07	0	7	0	436
03:08	1	5	0	447
03:09	2	4	200	457
03:10	2	3	0	434
03:11	3	3	0	465
03:12	1	4	0	401
03:13	1	3	0	484
03:14	0	4	0	434
03:15	0	4	0	420
03:16	1	3	0	446
03:17	1	4	0	445
03:18	1	9	0	432
03:19	1	8	0	445
03:20	0	5	0	413
03:21	0	3	0	424
03:22	0	4	0	428
03:23	0	4	0	430
03:24	2	3	0	426
03:25	1	9	0	457
03:26	0	10	0	464
03:27	0	3	0	442
03:28	0	0	0	427
03:29	0	2	0	470
03:30	0	3	0	428
03:31	0	4	0	451
03:32	0	4	200	427
03:33	0	2	0	431
03:34	0	2	0	426
03:35	0	4	0	484
03:36	2	5	0	418
03:37	0	5	0	455
03:38	0	4	0	444
03:39	0	2	0	448
03:40	1	1	0	437
03:41	0	4	0	417
03:42	0	4	0	411
03:43	1	5	0	446
03:44	0	6	0	452
03:45	0	6	0	396
03:46	0	3	0	481
03:47	2	3	0	422
03:48	1	6	0	403
03:49	0	5	0	443
03:50	4	4	0	448
03:51	0	4	0	439
03:52	0	2	0	430
03:53	0	2	0	431
03:54	0	2	0	445
03:55	0	1	0	426
03:56	0	0	0	426
03:57	0	1	0	433
03:58	0	3	0	440
03:59	0	4	0	449
04:00	0	2	0	440
04:01	0	0	0	420
04:02	0	0	0	365
04:03	0	1	0	418
04:04	1	3	0	477
04:05	0	6	0	446
04:06	0	3	0	416
04:07	20	1	0	428
04:08	1	0	0	473
04:09	0	2	0	425
04:10	0	1	0	406
04:11	0	1	0	404
04:12	0	0	0	388
04:13	0	1	0	446
04:14	0	2	0	391
04:15	0	2	100	420
04:16	0	0	100	446
04:17	0	1	0	401
04:18	0	4	0	441
04:19	0	4	0	450
04:20	1	1	0	440
04:21	6	3	0	470
04:22	3	7	0	429
04:23	0	11	0	446
04:24	0	6	0	434
04:25	1	4	0	403
04:26	0	2	0	397
04:27	0	1	0	420
04:28	0	0	0	417
04:29	0	0	0	438
04:30	0	0	0	426
04:31	0	1	0	462
04:32	1	2	0	428
04:33	20	4	0	432
04:34	0	3	0	465
04:35	1	2	0	404
04:36	0	4	0	431
04:37	1	2	0	405
04:38	0	0	0	425
04:39	0	0	0	407
04:40	0	2	0	414
04:41	0	4	0	441
04:42	0	3	0	429
04:43	0	2	0	419
04:44	2	2	0	441
04:45	0	4	0	401
04:46	2	1	0	404
04:47	3	0	0	452
04:48	4	2	0	450
04:49	0	7	0	446
04:50	0	7	0	429
04:51	0	5	0	427
04:52	4	2	0	440
04:53	1	2	0	423
04:54	1	1	0	417
04:55	1	2	0	387
04:56	0	2	0	433
04:57	0	0	0	432
04:58	0	0	0	406
04:59	0	0	0	431
05:00	0	0	0	426
05:01	0	0	0	416
05:02	0	0	0	432
05:03	0	0	0	443
05:04	0	0	0	421
05:05	0	0	0	433
05:06	0	0	0	399
05:07	1	0	0	423
05:08	2	2	0	452
05:09	2	2	0	439
05:10	1	0	0	444
05:11	0	0	0	429
05:12	0	0	100	463
05:13	0	0	0	408
05:14	0	0	0	443
05:15	0	2	0	409
05:16	2	2	0	446
05:17	0	3	0	432
05:18	0	1	0	415
05:19	0	0	0	393
05:20	0	2	0	433
05:21	0	2	0	421
05:22	0	1	50	386
05:23	0	2	50	400
05:24	0	2	50	428
05:25	0	1	50	445
05:26	70	0	50	421
05:27	1	0	0	387
05:28	1	3	0	420
05:29	0	4	0	419
05:30	0	3	0	445
05:31	0	2	0	424
05:32	0	1	0	440
05:33	0	0	0	454
05:34	0	0	0	410
05:35	0	3	0	413
05:36	2	4	0	396
05:37	3	3	0	436
05:38	1	2	0	419
05:39	0	2	0	406
05:40	0	0	0	433
05:41	0	0	0	474
05:42	0	0	0	401
05:43	0	2	0	370
05:44	0	2	0	441
05:45	0	1	0	409
05:46	1	1	0	402
05:47	1	3	0	421
05:48	0	4	0	410
05:49	0	2	0	410
05:50	0	0	0	421
05:51	0	2	0	429
05:52	0	2	0	376
05:53	1	1	0	439
05:54	0	2	0	408
05:55	0	4	0	417
05:56	0	2	0	421
05:57	0	1	0	403
05:58	0	2	0	414
05:59	0	2	0	398
06:00	100	1	0	410
06:01	0	0	0	446
06:02	0	1	0	395
06:03	0	2	0	443
06:04	0	2	0	378
06:05	0	0	0	427
06:06	0	0	0	433
06:07	0	0	0	428
06:08	0	0	0	386
06:09	1	1	0	401
06:10	0	4	0	398
06:11	0	4	0	372
06:12	0	0	0	403
06:13	0	0	0	420
06:14	0	0	0	416
06:15	0	0	0	364
06:16	0	0	0	401
06:17	0	0	0	407
06:18	1	0	0	410
06:19	1	1	0	392
06:20	0	3	0	410
06:21	0	2	0	439
06:22	0	1	0	394
06:23	0	1	0	430
06:24	0	0	0	394
06:25	0	0	0	422
06:26	0	0	0	390
06:27	0	0	0	422
06:28	0	0	0	404
06:29	0	0	0	416
06:30	0	0	0	419
06:31	0	0	0	394
06:32	0	0	0	383
06:33	0	0	0	419
06:34	0	0	0	408
06:35	0	0	0	406
06:36	0	0	0	382
06:37	0	0	0	388
06:38	0	2	0	413
06:39	100	2	0	432
06:40	0	1	100	411
06:41	0	0	0	381
06:42	0	0	0	421
06:43	0	2	0	402
06:44	0	2	0	430
06:45	0	1	0	384
06:46	1	0	0	402
06:47	1	0	0	435
06:48	0	0	0	419
06:49	0	0	0	416
06:50	70	0	0	416
06:51	0	0	0	403
06:52	0	0	0	425
06:53	0	0	0	409
06:54	0	0	0	416
06:55	0	1	0	387
06:56	0	2	0	421
06:57	0	2	0	422
06:58	0	0	0	415
06:59	0	0	0	420
07:00	0	0	0	431
07:01	0	0	0	419
07:02	0	0	0	421
07:03	0	0	0	426
07:04	0	0	0	442
07:05	0	0	0	446
07:06	2	0	0	422
07:07	1	1	0	408
07:08	0	1	0	402
07:09	0	0	0	421
07:10	0	0	0	376
07:11	70	70	70	448
07:12	0	0	0	421
07:13	0	1	0	434
07:14	1	6	0	439
07:15	0	7	0	416
07:16	0	10	0	426
07:17	0	8	0	423
07:18	0	7	0	410
07:19	0	7	0	418
07:20	1	9	0	430
07:21	0	7	0	429
07:22	0	4	0	424
07:23	0	2	0	427
07:24	0	3	0	388
07:25	0	2	0	433
07:26	0	1	0	413
07:27	0	0	0	413
07:28	0	0	0	401
07:29	0	0	0	398
07:30	2	0	0	409
07:31	0	2	0	388
07:32	0	2	0	395
07:33	0	0	0	378
07:34	0	2	0	406
07:35	0	2	0	428
07:36	0	1	0	406
07:37	0	0	0	428
07:38	50	50	50	419
07:39	50	50	50	417
07:40	0	0	0	397
07:41	0	0	0	419
07:42	0	0	0	417
07:43	0	2	0	405
07:44	0	2	0	417
07:45	0	1	0	398
07:46	0	0	0	401
07:47	0	0	0	403
07:48	0	0	0	412
07:49	0	0	0	398
07:50	0	0	0	429
07:51	0	0	0	396
07:52	0	0	0	416
07:53	0	0	0	385
07:54	0	0	0	415
07:55	0	1	0	422
07:56	0	4	0	417
07:57	0	4	0	414
07:58	0	1	0	389
07:59	0	0	0	371
08:00	0	0	0	370
08:01	0	0	0	387
08:02	0	0	0	387
08:03	0	0	0	409
08:04	0	0	0	390
08:05	0	0	0	416
08:06	0	0	0	422
08:07	0	0	0	388
08:08	0	2	0	405
08:09	0	2	0	426
08:10	0	1	0	410
08:11	0	0	0	408
08:12	0	1	0	412
08:13	0	2	0	407
08:14	0	2	0	405
08:15	0	0	0	415
08:16	0	0	0	412
08:17	0	0	0	380
08:18	0	0	0	447
08:19	0	0	0	422
08:20	0	0	0	419
08:21	0	0	0	427
08:22	1	0	0	409
08:23	0	2	0	416
08:24	0	2	0	401
08:25	0	1	0	410
08:26	0	2	0	402
08:27	0	2	0	389
08:28	0	0	0	387
08:29	0	0	0	442
08:30	0	0	0	367
08:31	0	0	0	408
08:32	0	0	0	391
08:33	0	0	0	387
08:34	0	0	0	389
08:35	0	0	0	419
08:36	0	0	0	379
08:37	0	0	0	389
08:38	0	0	0	407
08:39	0	0	0	399
08:40	0	0	0	429
08:41	0	0	0	341
08:42	0	0	0	389
08:43	0	0	0	418
08:44	0	0	0	397
08:45	0	0	0	357
08:46	0	0	0	409
08:47	0	0	0	406
08:48	0	0	0	413
08:49	0	0	0	400
08:50	0	0	0	390
08:51	0	0	0	401
08:52	0	0	0	411
08:53	0	0	0	401
08:54	0	1	0	412
08:55	0	2	0	421
08:56	0	2	0	426
08:57	0	0	0	415
08:58	0	2	0	402
08:59	0	2	0	404
09:00	0	1	0	405
09:01	0	1	0	422
09:02	0	2	0	404
09:03	20	50	10	426
09:04	0	0	0	397
09:05	0	50	0	425
09:06	0	0	0	411
09:07	20	0	20	408
09:08	0	0	0	392
09:09	0	0	0	381
09:10	0	0	20	392
09:11	0	0	0	395
09:12	0	0	0	398
09:13	0	10	0	392
09:14	0	0	0	397
09:15	0	0	0	385
09:16	0	0	0	402
09:17	0	0	0	374
09:18	0	0	0	394
09:19	50	0	0	414
09:20	3	0	0	426
09:21	2	2	0	399
09:22	0	2	0	400
09:23	0	1	0	408
09:24	0	0	0	418
09:25	0	0	0	411
09:26	0	0	0	402
09:27	0	0	0	432
09:28	1	0	0	390
09:29	0	0	0	409
09:30	0	0	0	373
09:31	0	0	0	388
09:32	0	0	0	421
09:33	0	0	0	388
09:34	0	0	0	416
09:35	0	0	0	423
09:36	2	0	0	400
09:37	0	0	0	425
09:38	0	0	0	412
09:39	0	0	0	413
09:40	0	0	0	395
09:41	0	0	0	403
09:42	0	50	0	383
09:43	0	0	0	395
09:44	0	1	0	406
09:45	0	2	0	409
09:46	0	2	0	404
09:47	0	0	0	404
09:48	2	0	0	403
09:49	2	1	0	409
09:50	1	2	0	405
09:51	0	2	0	419
09:52	0	0	0	403
09:53	0	1	0	418
09:54	0	2	0	393
09:55	0	2	50	400
09:56	0	0	0	408
09:57	0	0	0	416
09:58	0	0	0	397
09:59	0	0	0	396
10:00	0	0	0	397
10:01	0	0	0	395
10:02	0	0	0	412
10:03	0	0	0	383
10:04	0	0	0	427
10:05	0	0	0	394
10:06	0	0	0	398
10:07	0	0	0	420
10:08	0	0	0	397
10:09	0	0	0	419
10:10	0	0	0	438
10:11	0	0	0	397
10:12	0	0	0	386
10:13	0	0	0	426
10:14	1	1	0	377
10:15	0	2	0	407
10:16	0	1	0	402
10:17	0	50	50	396
10:18	0	0	0	411
10:19	0	0	0	399
10:20	0	2	0	407
10:21	0	2	0	409
10:22	0	1	0	411
10:23	0	0	0	399
10:24	0	0	0	390
10:25	0	1	0	428
10:26	0	2	0	420
10:27	3	2	0	402
10:28	0	5	0	427
10:29	0	5	0	393
10:30	0	2	0	405
10:31	0	0	0	396
10:32	0	0	0	405
10:33	0	2	0	415
10:34	0	2	0	433
10:35	0	3	0	401
10:36	0	2	0	393
10:37	0	1	0	420
10:38	0	0	0	401
10:39	0	0	0	388
10:40	0	0	0	395
10:41	0	0	0	395
10:42	0	0	0	402
10:43	0	0	0	402
10:44	0	0	0	431
10:45	0	0	0	387
10:46	0	0	0	387
10:47	0	2	0	416
10:48	0	2	0	374
10:49	0	3	0	436
10:50	0	2	0	421
10:51	0	1	0	430
10:52	0	0	0	415
10:53	0	0	0	433
10:54	0	0	0	412
10:55	0	0	0	402
10:56	0	1	0	400
10:57	0	2	0	437
10:58	0	2	0	434
10:59	0	0	0	402
11:00	0	2	0	409
11:01	0	50	0	385
11:02	0	1	0	401
11:03	0	0	0	410
11:04	0	0	0	432
11:05	0	0	0	412
11:06	0	0	0	414
11:07	0	0	0	405
11:08	0	0	0	412
11:09	0	0	0	421
11:10	0	0	0	433
11:11	0	0	0	402
11:12	0	0	0	409
11:13	0	0	0	423
11:14	0	0	0	392
11:15	50	1	0	410
11:16	0	4	0	440
11:17	0	5	0	443
11:18	0	3	0	432
11:19	0	2	0	425
11:20	0	2	0	410
11:21	0	2	0	416
11:22	0	3	0	429
11:23	0	2	0	418
11:24	0	3	0	411
11:25	0	2	0	404
11:26	0	1	0	450
11:27	0	0	0	418
11:28	0	2	0	402
11:29	0	2	0	425
11:30	0	1	0	441
11:31	0	0	0	413
11:32	0	2	0	407
11:33	1	5	0	429
11:34	0	6	0	425
11:35	0	1	0	439
11:36	0	0	0	389
11:37	0	0	0	414
11:38	0	0	0	425
11:39	0	0	0	401
11:40	0	0	0	413
11:41	0	0	0	417
11:42	0	0	0	427
11:43	0	0	0	421
11:44	50	0	0	421
11:45	0	0	0	396
11:46	0	0	0	418
11:47	0	0	0	416
11:48	0	0	0	432
11:49	0	0	0	423
11:50	0	0	0	419
11:51	1	1	0	380
11:52	0	3	0	390
11:53	0	3	0	421
11:54	0	5	0	431
11:55	0	4	0	415
11:56	1	4	0	435
11:57	1	2	0	428
11:58	50	2	0	376
11:59	0	2	0	442
12:00	0	0	0	448
12:01	0	0	0	441
12:02	0	1	0	413
12:03	0	2	0	407
12:04	0	4	0	444
12:05	0	6	0	446
12:06	0	8	0	430
12:07	1	2	0	407
12:08	1	2	0	426
12:09	0	3	0	440
12:10	0	3	0	412
12:11	0	2	0	394
12:12	0	0	0	403
12:13	0	0	0	410
12:14	1	0	0	411
12:15	0	2	0	438
12:16	0	2	0	420
12:17	0	0	0	417
12:18	0	0	0	390
12:19	0	0	0	366
12:20	50	0	0	470
12:21	2	1	0	440
12:22	0	2	0	389
12:23	0	1	0	432
12:24	0	0	0	420
12:25	0	0	0	432
12:26	0	1	0	422
12:27	0	2	0	413
12:28	0	2	0	429
12:29	2	1	0	446
12:30	2	4	0	402
12:31	3	4	0	440
12:32	1	3	0	415
12:33	1	2	0	408
12:34	0	4	0	417
12:35	1	8	0	456
12:36	2	6	0	453
12:37	1	5	0	454
12:38	0	4	0	413
12:39	0	6	0	430
12:40	2	6	0	441
12:41	0	8	0	428
12:42	0	6	0	474
12:43	1	6	0	462
12:44	0	8	0	428
12:45	0	6	0	460
12:46	0	3	0	434
12:47	0	2	0	429
12:48	0	1	0	427
12:49	0	0	0	431
12:50	0	0	0	438
12:51	0	0	0	412
12:52	1	2	0	435
12:53	0	2	0	420
12:54	0	1	0	446
12:55	0	1	0	433
12:56	1	2	0	407
12:57	1	5	0	432
12:58	1	4	0	423
12:59	1	4	0	433
13:00	0	4	0	473
13:01	0	7	0	536
13:02	0	8	0	500
13:03	2	9	0	526
13:04	3	15	0	550
13:05	1	17	0	568
13:06	2	13	0	554
13:07	5	21	0	571
13:08	1	31	0	531
13:09	0	28	0	591
13:10	4	19	0	538
13:11	5	19	0	595
13:12	1	20	0	552
13:13	3	15	0	507
13:14	4	23	0	555
13:15	4	35	0	549
13:16	0	24	0	527
13:17	1	19	0	599
13:18	3	16	0	527
13:19	4	16	0	541
13:20	6	13	0	551
13:21	3	22	0	514
13:22	2	28	0	531
13:23	3	33	0	605
13:24	5	32	0	575
13:25	4	23	0	532
13:26	2	14	0	523
13:27	2	20	0	532
13:28	4	27	0	570
13:29	0	40	0	602
13:30	1	40	0	551
13:31	2	32	0	623
13:32	5	31	0	585
13:33	5	21	0	521
13:34	3	23	0	556
13:35	1	30	0	578
13:36	0	31	0	557
13:37	2	26	0	551
13:38	1	27	0	552
13:39	1	15	0	550
13:40	1	14	0	502
13:41	1	19	0	587
13:42	1	16	0	595
13:43	2	9	0	533
13:44	4	17	0	511
13:45	2	29	0	584
13:46	2	27	0	514
13:47	2	18	0	543
13:48	1	19	0	539
13:49	7	19	0	555
13:50	4	16	0	556
13:51	0	14	0	544
13:52	1	20	0	541
13:53	5	26	0	601
13:54	7	31	0	557
13:55	4	23	0	571
13:56	6	23	0	593
13:57	4	25	0	600
13:58	2	21	0	535
13:59	3	22	0	537
14:00	2	30	0	563
14:01	2	33	0	558
14:02	0	23	0	576
14:03	1	15	0	490
14:04	3	21	0	501
14:05	1	31	0	489
14:06	2	28	0	518
14:07	2	22	0	477
14:08	3	18	0	499
14:09	2	21	0	457
14:10	3	16	0	551
14:11	1	13	0	511
14:12	2	9	0	516
14:13	4	10	0	469
14:14	3	18	0	507
14:15	3	20	0	521
14:16	4	16	0	499
14:17	1	18	0	537
14:18	2	25	0	510
14:19	0	24	0	504
14:20	0	15	0	495
14:21	0	10	0	506
14:22	2	8	0	487
14:23	3	13	0	531
14:24	2	18	0	513
14:25	3	15	0	518
14:26	2	17	0	485
14:27	2	17	0	470
14:28	1	26	0	481
14:29	4	26	0	527
14:30	2	24	0	516
14:31	1	29	0	547
14:32	2	24	0	501
14:33	4	16	0	459
14:34	2	11	0	499
14:35	2	12	0	499
14:36	1	11	0	471
14:37	2	9	0	520
14:38	3	10	0	515
14:39	0	14	0	475
14:40	2	17	0	502
14:41	2	16	0	513
14:42	1	17	0	522
14:43	0	16	0	569
14:44	3	15	0	529
14:45	1	21	0	506
14:46	3	19	0	500
14:47	8	15	0	486
14:48	7	20	0	488
14:49	4	22	0	530
14:50	2	20	0	540
14:51	1	26	0	476
14:52	3	26	0	565
14:53	0	21	0	534
14:54	1	11	0	500
14:55	1	23	0	478
14:56	0	26	0	484
14:57	1	26	0	482
14:58	2	18	0	498
14:59	2	14	0	476
15:00	1	18	0	511
15:01	5	19	0	516
15:02	5	16	0	452
15:03	0	19	0	438
15:04	0	19	1	452
15:05	1	14	0	501
15:06	2	14	0	485
15:07	1	15	0	516
15:08	1	22	0	529
15:09	2	26	0	500
15:10	4	14	0	488
15:11	3	3	0	480
15:12	3	9	0	481
15:13	6	13	0	496
15:14	2	13	0	450
15:15	3	12	0	455
15:16	1	10	0	482
15:17	4	11	0	491
15:18	1	14	0	476
15:19	3	16	0	512
15:20	4	10	0	498
15:21	5	6	0	483
15:22	3	7	0	479
15:23	0	9	0	467
15:24	3	8	0	508
15:25	3	11	0	481
15:26	3	8	0	525
15:27	2	11	0	494
15:28	3	14	0	476
15:29	0	18	0	544
15:30	6	15	0	461
15:31	2	18	0	529
15:32	4	13	0	520
15:33	2	8	0	510
15:34	2	10	0	457
15:35	2	8	0	498
15:36	4	10	0	503
15:37	4	11	0	498
15:38	3	13	0	498
15:39	4	14	0	509
15:40	1	15	0	479
15:41	2	11	0	466
15:42	1	9	0	492
15:43	3	16	0	506
15:44	3	18	0	471
15:45	1	18	0	512
15:46	3	11	0	522
15:47	6	7	0	478
15:48	3	7	0	465
15:49	0	11	0	512
15:50	4	9	0	469
15:51	2	20	0	514
15:52	5	17	0	448
15:53	0	18	0	493
15:54	4	17	0	534
15:55	3	20	0	522
15:56	2	24	0	494
15:57	3	14	0	478
15:58	3	7	0	479
15:59	2	5	0	473
16:00	2	9	0	524
16:01	0	16	0	497
16:02	2	12	0	480
16:03	7	17	0	505
16:04	4	26	0	550
16:05	1	26	0	478
16:06	0	23	0	507
16:07	3	19	0	544
16:08	3	16	0	473
16:09	2	19	0	509
16:10	3	14	0	473
16:11	0	9	0	482
16:12	0	16	0	579
16:13	2	18	0	556
16:14	2	15	0	499
16:15	0	13	0	513
16:16	1	9	0	500
16:17	4	13	0	527
16:18	3	19	0	525
16:19	1	21	0	478
16:20	0	16	0	487
16:21	2	13	0	531
16:22	4	17	0	493
16:23	0	21	0	481
16:24	3	14	0	482
16:25	6	19	0	524
16:26	1	22	0	531
16:27	1	15	0	519
16:28	3	11	0	491
16:29	6	17	0	470
16:30	5	20	0	471
16:31	1	20	0	526
16:32	0	14	0	502
16:33	2	6	0	482
16:34	2	10	0	516
16:35	0	15	0	508
16:36	7	14	0	557
16:37	5	16	0	481
16:38	8	15	0	520
16:39	5	16	0	497
16:40	3	15	0	520
16:41	4	8	0	480
16:42	0	10	0	513
16:43	2	9	0	496
16:44	4	12	0	519
16:45	3	21	0	511
16:46	0	23	0	522
16:47	2	19	0	545
16:48	1	18	0	496
16:49	0	15	0	517
16:50	2	16	0	397
16:51	2	22	0	355
16:52	1	23	5	416
16:53	1	19	0	510
16:54	1	22	0	494
16:55	0	20	0	490
16:56	0	11	0	508
16:57	3	7	0	470
16:58	2	13	0	503
16:59	0	21	0	462
17:00	0	13	0	473
17:01	0	7	0	521
17:02	1	7	0	486
17:03	4	10	0	545
17:04	2	11	0	464
17:05	1	17	0	476
17:06	0	20	0	459
17:07	1	20	0	508
17:08	0	18	0	508
17:09	0	23	0	496
17:10	1	19	0	531
17:11	1	21	0	481
17:12	3	18	0	478
17:13	3	21	0	523
17:14	3	22	0	477
17:15	4	20	0	389
17:16	3	16	0	531
17:17	0	17	0	556
17:18	1	14	0	519
17:19	0	15	0	482
17:20	1	15	0	510
17:21	0	19	0	480
17:22	0	13	0	479
17:23	0	15	0	527
17:24	3	21	0	536
17:25	2	22	0	459
17:26	2	18	0	553
17:27	0	15	0	457
17:28	2	19	0	500
17:29	4	15	0	566
17:30	1	15	0	520
17:31	2	17	0	559
17:32	4	18	0	488
17:33	0	15	0	429
17:34	3	8	0	519
17:35	2	12	0	445
17:36	3	12	0	450
17:37	2	19	1	484
17:38	1	22	0	513
17:39	1	24	0	487
17:40	0	17	0	456
17:41	0	18	0	521
17:42	1	16	0	390
17:43	2	19	1	493
17:44	0	16	0	501
17:45	0	10	0	495
17:46	1	10	0	433
17:47	0	17	0	557
17:48	1	16	0	502
17:49	1	15	0	507
17:50	1	13	0	517
17:51	2	11	0	506
17:52	3	15	0	508
17:53	3	15	0	465
17:54	1	8	0	478
17:55	1	7	0	508
17:56	1	8	0	470
17:57	4	17	0	532
17:58	3	22	0	553
17:59	6	27	0	524
18:00	2	28	0	535
18:01	5	19	0	524
18:02	3	14	0	513
18:03	2	18	0	523
18:04	1	20	0	465
18:05	5	16	0	504
18:06	7	27	0	522
18:07	5	31	0	572
18:08	4	14	0	519
18:09	3	5	0	476
18:10	2	8	0	498
18:11	2	8	0	481
18:12	5	9	0	487
18:13	6	8	0	466
18:14	2	11	0	517
18:15	1	16	0	538
18:16	2	19	0	496
18:17	3	18	0	497
18:18	3	15	0	526
18:19	5	17	0	477
18:20	2	19	0	536
18:21	2	16	0	515
18:22	0	12	0	544
18:23	1	12	0	530
18:24	6	14	0	481
18:25	5	19	0	554
18:26	0	20	0	537
18:27	3	15	0	457
18:28	1	21	0	562
18:29	2	21	0	534
18:30	4	17	0	493
18:31	5	16	0	494
18:32	7	24	0	551
18:33	5	27	0	483
18:34	2	27	0	470
18:35	2	15	0	529
18:36	1	11	0	550
18:37	3	18	0	521
18:38	2	14	0	449
18:39	2	15	0	525
18:40	3	11	0	492
18:41	4	15	0	532
18:42	4	16	0	524
18:43	2	22	0	494
18:44	7	22	0	522
18:45	3	20	0	517
18:46	5	19	0	495
18:47	2	18	0	442
18:48	2	20	0	521
18:49	4	17	0	515
18:50	1	21	0	487
18:51	0	17	0	433
18:52	1	14	3	391
18:53	2	18	0	547
18:54	2	26	0	512
18:55	2	23	0	505
18:56	6	19	0	520
18:57	1	17	0	561
18:58	0	19	0	494
18:59	0	11	0	528
19:00	0	7	0	420
19:01	0	1	0	543
19:02	2	7	0	509
19:03	0	9	0	487
19:04	1	9	0	518
19:05	0	9	0	523
19:06	0	13	0	503
19:07	2	15	0	482
19:08	3	16	0	548
19:09	3	13	0	512
19:10	1	13	0	548
19:11	1	14	0	535
19:12	1	18	0	396
19:13	4	18	0	524
19:14	10	18	0	527
19:15	9	17	0	507
19:16	3	14	0	536
19:17	2	17	0	566
19:18	1	16	0	487
19:19	10	16	0	508
19:20	3	19	0	527
19:21	1	17	0	422
19:22	5	11	0	471
19:23	4	13	0	521
19:24	2	21	0	524
19:25	2	26	0	526
19:26	4	19	0	557
19:27	4	9	0	513
19:28	3	8	0	518
19:29	2	6	0	516
19:30	3	6	0	491
19:31	3	9	0	516
19:32	1	7	1	429
19:33	0	11	0	529
19:34	3	13	0	498
19:35	4	16	0	486
19:36	2	16	0	538
19:37	1	20	0	454
19:38	1	16	0	517
19:39	3	13	0	510
19:40	1	14	0	460
19:41	4	11	1	519
19:42	3	11	0	499
19:43	0	17	0	476
19:44	0	14	0	584
19:45	2	9	0	530
19:46	1	20	0	548
19:47	3	24	0	514
19:48	3	16	0	510
19:49	1	15	0	505
19:50	1	18	0	546
19:51	3	12	0	509
19:52	2	15	0	502
19:53	6	14	0	543
19:54	3	9	0	515
19:55	5	11	0	467
19:56	2	13	0	417
19:57	3	13	2	491
19:58	1	17	1	392
19:59	0	22	3	401
20:00	3	22	1	425
20:01	1	18	0	659
20:02	0	15	0	570
20:03	3	14	3	427
20:04	4	16	1	523
20:05	8	18	0	688
20:06	11	22	0	649
20:07	5	26	0	506
20:08	4	23	0	557
20:09	3	20	0	536
20:10	3	18	0	484
20:11	4	18	0	567
20:12	4	22	0	542
20:13	6	24	0	467
20:14	2	21	2	547
20:15	1	22	0	613
20:16	4	20	2	439
20:17	1	21	1	450
20:18	1	14	2	471
20:19	1	19	1	454
20:20	3	13	1	616
20:21	3	11	0	632
20:22	2	17	1	481
20:23	6	25	1	493
20:24	4	23	2	417
20:25	3	21	1	478
20:26	2	19	1	525
20:27	2	15	1	574
20:28	2	11	0	441
20:29	2	17	3	354
20:30	3	12	1	421
20:31	0	12	1	539
20:32	0	9	0	501
20:33	1	10	0	448
20:34	0	9	0	455
20:35	0	6	3	391
20:36	1	9	0	583
20:37	0	14	1	464
20:38	0	14	2	468
20:39	2	16	1	394
20:40	2	19	3	400
20:41	1	13	1	379
20:42	2	10	3	453
20:43	0	12	0	451
20:44	0	14	3	435
20:45	2	15	0	408
20:46	2	15	3	436
20:47	0	16	0	573
20:48	1	14	1	462
20:49	3	13	2	475
20:50	3	16	1	536
20:51	1	21	0	552
20:52	0	16	0	579
20:53	3	13	0	502
20:54	4	14	0	492
20:55	1	19	0	484
20:56	2	18	0	507
20:57	1	12	1	511
20:58	1	13	0	525
20:59	0	16	0	578
21:00	1	14	0	508
21:01	4	13	0	484
21:02	3	10	0	462
21:03	2	9	0	533
21:04	0	8	0	476
21:05	1	11	0	546
21:06	1	11	0	382
21:07	2	8	1	577
21:08	5	6	0	463
21:09	5	10	0	504
21:10	3	13	0	486
21:11	1	11	0	544
21:12	1	3	0	602
21:13	0	6	0	444
21:14	4	11	0	542
21:15	5	14	0	500
21:16	5	16	0	556
21:17	2	18	0	530
21:18	5	18	0	526
21:19	3	17	0	497
21:20	5	12	0	612
21:21	4	11	0	577
21:22	1	18	0	534
21:23	0	19	0	528
21:24	0	13	0	458
21:25	0	12	0	534
21:26	3	16	0	535
21:27	5	14	0	460
21:28	5	15	1	552
21:29	6	10	0	568
21:30	3	10	0	476
21:31	4	12	3	277
21:32	5	19	2	297
21:33	5	17	4	416
21:34	6	12	1	475
21:35	5	8	0	479
21:36	3	11	0	383
21:37	3	14	0	277
21:38	2	14	3	213
21:39	1	17	1	525
21:40	1	14	0	485
21:41	0	17	0	497
21:42	1	14	0	472
21:43	1	10	0	542
21:44	0	6	0	427
21:45	0	10	0	461
21:46	1	9	0	470
21:47	2	10	0	525
21:48	0	12	0	459
21:49	3	11	0	476
21:50	3	11	0	491
21:51	4	9	0	512
21:52	0	10	0	499
21:53	2	16	0	505
21:54	5	18	0	441
21:55	6	11	0	368
21:56	3	12	5	366
21:57	3	12	0	669
21:58	1	19	0	512
21:59	2	17	0	496
22:00	0	7	0	513
22:01	3	8	0	533
22:02	3	14	0	459
22:03	0	20	0	460
22:04	0	12	0	453
22:05	0	8	0	372
22:06	6	8	1	540
22:07	4	23	0	612
22:08	2	26	0	494
22:09	4	18	1	480
22:10	7	24	0	597
22:11	6	21	0	583
22:12	7	22	0	546
22:13	5	18	1	494
22:14	5	18	1	479
22:15	4	28	0	489
22:16	4	20	3	480
22:17	3	18	0	509
22:18	5	24	0	580
22:19	5	16	0	451
22:20	5	21	3	492
22:21	4	21	0	609
22:22	2	16	0	419
22:23	4	16	0	502
22:24	1	21	1	544
22:25	4	20	1	564
22:26	4	16	0	485
22:27	5	12	0	622
22:28	13	12	0	575
22:29	12	18	0	488
22:30	5	23	0	555
22:31	10	25	0	534
22:32	14	24	0	551
22:33	7	27	0	505
22:34	3	28	0	515
22:35	5	22	1	565
22:36	8	36	1	568
22:37	7	39	0	612
22:38	1	29	0	580
22:39	4	23	0	575
22:40	8	24	0	516
22:41	0	26	1	497
22:42	2	22	1	566
22:43	4	21	0	533
22:44	7	22	1	509
22:45	3	25	0	543
22:46	5	20	0	505
22:47	3	21	0	578
22:48	3	31	1	558
22:49	2	41	0	557
22:50	2	31	0	597
22:51	5	17	0	481
22:52	0	19	1	458
22:53	7	21	2	427
22:54	5	18	0	434
22:55	7	20	1	593
22:56	3	20	0	501
22:57	5	23	0	605
22:58	11	18	0	594
22:59	7	26	0	548
23:00	2	21	1	532
23:01	4	23	0	575
23:02	1	18	0	440
23:03	4	17	1	520
23:04	11	10	0	664
23:05	9	10	0	566
23:06	7	10	0	548
23:07	5	16	1	503
23:08	5	14	0	495
23:09	5	15	2	502
23:10	4	22	1	517
23:11	6	26	0	528
23:12	6	17	0	505
23:13	6	27	0	561
23:14	4	33	2	480
23:15	11	43	0	588
23:16	3	33	1	534
23:17	8	31	1	625
23:18	11	16	0	608
23:19	12	25	0	549
23:20	2	25	0	518
23:21	6	31	0	594
23:22	10	25	0	479
23:23	8	30	0	389
23:24	12	29	0	524
23:25	5	25	1	485
23:26	2	36	0	444
23:27	2	36	0	506
23:28	10	34	1	637
23:29	5	28	0	600
23:30	11	35	0	673
23:31	8	36	1	590
23:32	11	37	0	582
23:33	6	27	0	504
23:34	4	30	1	554
23:35	1	40	1	596
23:36	7	36	0	528
23:37	8	38	0	544
23:38	4	38	0	527
23:39	2	41	0	561
23:40	5	24	0	503
23:41	4	27	0	543
23:42	2	32	0	547
23:43	3	25	0	523
23:44	4	23	0	460
23:45	1	25	0	469
23:46	2	24	0	533
23:47	0	17	0	516
23:48	1	13	0	589
23:49	1	12	0	517
23:50	1	14	0	491
23:51	0	18	0	490
23:52	0	15	0	519
23:53	1	15	0	502
23:54	1	22	0	514
23:55	2	29	0	511
23:56	0	21	0	500
23:57	3	18	0	469
23:58	5	9	0	505
23:59	4	13	0	532
