x	Marked Acct Working	getCaseStatus() Request	Succ. Updated Acct.	Fail to Update Acct.
0	0	0	0	0
00:00	47	168	308	32
00:00	29	63	96	4
00:01	26	85	92	8
00:02	20	86	80	12
00:03	20	65	83	10
00:04	33	80	90	4
00:05	17	68	100	2
00:06	16	74	83	4
00:07	24	84	89	4
00:08	30	79	104	0
00:09	20	66	79	10
00:10	21	63	84	14
00:11	30	70	85	16
00:12	11	74	73	12
00:13	20	71	72	6
00:14	38	73	84	6
00:15	26	64	66	8
00:16	23	98	93	6
00:17	26	67	92	10
00:18	17	70	72	10
00:19	19	66	83	12
00:20	22	68	107	8
00:21	18	56	54	10
00:22	20	68	76	12
00:23	22	64	74	14
00:24	18	74	82	14
00:25	21	83	98	12
00:26	27	57	85	0
00:27	26	71	90	0
00:28	26	77	91	0
00:29	23	57	85	0
00:30	22	61	82	0
00:31	22	74	110	4
00:32	19	75	92	12
00:33	18	58	79	20
00:34	24	58	67	16
00:35	25	76	97	12
00:36	19	70	97	8
00:37	20	64	113	14
00:38	28	68	104	18
00:39	15	68	78	20
00:40	24	77	95	16
00:41	18	74	79	10
00:42	19	73	114	0
00:43	16	71	104	12
00:44	22	66	82	12
00:45	22	52	96	12
00:46	30	72	127	16
00:47	22	80	82	20
00:48	24	67	94	16
00:49	11	50	95	12
00:50	20	42	90	16
00:51	23	58	109	8
00:52	16	47	75	12
00:53	18	70	104	16
00:54	19	58	69	20
00:55	26	70	96	14
00:56	20	74	97	22
00:57	22	44	100	14
00:58	20	52	85	12
00:59	20	59	72	8
01:00	17	58	94	6
01:01	14	47	84	10
01:02	21	83	102	12
01:03	20	73	74	10
01:04	15	83	52	10
01:05	17	77	73	12
01:06	17	79	94	8
01:07	12	64	71	2
01:08	27	51	110	4
01:09	20	62	102	4
01:10	20	66	85	4
01:11	18	62	76	4
01:12	8	60	50	8
01:13	1	61	38	10
01:14	1	55	46	14
01:15	0	36	45	18
01:16	0	39	35	22
01:17	21	45	74	8
01:18	24	74	72	4
01:19	31	69	83	4
01:20	33	78	81	4
01:21	47	75	118	4
01:22	29	73	111	8
01:23	15	77	87	6
01:24	22	70	94	10
01:25	14	59	88	10
01:26	17	66	87	8
01:27	13	62	62	8
01:28	27	44	66	14
01:29	20	48	62	18
01:30	18	60	70	16
01:31	15	46	62	6
01:32	15	41	74	6
01:33	22	60	108	4
01:34	12	62	63	2
01:35	13	58	69	0
01:36	18	55	88	8
01:37	13	56	98	16
01:38	22	54	102	14
01:39	19	26	76	4
01:40	19	30	66	6
01:41	26	45	73	16
01:42	17	59	90	18
01:43	22	39	91	14
01:44	11	37	63	16
01:45	12	40	85	16
01:46	26	29	79	16
01:47	18	44	83	12
01:48	13	53	81	8
01:49	26	37	74	12
01:50	12	49	73	14
01:51	8	40	68	10
01:52	9	28	56	4
01:53	21	33	68	4
01:54	23	48	95	8
01:55	21	53	104	22
01:56	23	53	106	26
01:57	16	35	75	14
01:58	17	30	60	6
01:59	26	36	77	4
02:00	23	41	82	4
02:01	9	50	82	6
02:02	25	38	100	10
02:03	16	39	73	12
02:04	18	39	63	12
02:05	13	38	56	12
02:06	15	49	78	8
02:07	20	46	84	10
02:08	11	56	104	12
02:09	25	36	81	10
02:10	18	44	92	6
02:11	12	41	70	4
02:12	15	40	78	12
02:13	23	40	81	10
02:14	22	48	93	8
02:15	17	50	83	8
02:16	14	49	85	8
02:17	20	49	87	0
02:18	17	48	84	2
02:19	15	49	88	4
02:20	17	36	85	4
02:21	15	33	66	8
02:22	16	50	80	10
02:23	17	47	89	12
02:24	23	45	75	10
02:25	14	48	99	8
02:26	22	43	95	12
02:27	22	39	83	8
02:28	17	36	59	8
02:29	22	40	80	12
02:30	20	53	84	12
02:31	13	37	70	14
02:32	16	28	59	16
02:33	18	38	87	10
02:34	12	31	58	2
02:35	15	32	62	8
02:36	15	44	94	14
02:37	20	39	90	14
02:38	16	48	71	10
02:39	14	33	72	8
02:40	14	41	76	8
02:41	18	42	67	6
02:42	15	30	75	0
02:43	12	37	74	2
02:44	10	38	63	4
02:45	13	36	74	4
02:46	11	35	56	12
02:47	16	35	71	26
02:48	17	37	81	24
02:49	13	44	75	10
02:50	11	33	66	4
02:51	18	25	65	6
02:52	15	36	72	4
02:53	18	41	73	8
02:54	18	32	72	12
02:55	20	42	82	12
02:56	9	45	80	8
02:57	18	30	60	4
02:58	19	31	68	4
02:59	15	35	68	4
03:00	15	24	57	4
03:01	10	34	62	4
03:02	11	25	49	4
03:03	12	30	57	4
03:04	16	26	61	10
03:05	18	42	76	12
03:06	13	32	63	6
03:07	11	31	51	6
03:08	16	34	75	14
03:09	9	26	49	12
03:10	12	14	40	10
03:11	18	32	59	12
03:12	13	27	62	16
03:13	9	23	45	6
03:14	19	31	68	2
03:15	21	35	66	8
03:16	22	35	81	8
03:17	21	25	59	4
03:18	11	28	47	0
03:19	12	29	54	4
03:20	14	28	64	4
03:21	11	20	40	6
03:22	12	27	61	4
03:23	18	30	67	2
03:24	14	21	44	8
03:25	15	26	62	8
03:26	18	34	72	4
03:27	23	35	79	0
03:28	14	32	58	8
03:29	11	24	49	8
03:30	22	29	59	4
03:31	13	26	54	4
03:32	12	22	55	6
03:33	24	30	73	14
03:34	16	29	66	12
03:35	13	25	52	6
03:36	13	33	65	8
03:37	16	22	49	12
03:38	25	26	68	8
03:39	14	31	66	0
03:40	13	21	37	0
03:41	22	22	61	4
03:42	12	29	67	4
03:43	12	25	59	6
03:44	18	32	70	8
03:45	13	24	47	6
03:46	11	21	48	6
03:47	11	20	45	10
03:48	15	30	63	12
03:49	14	27	56	4
03:50	20	21	48	0
03:51	11	32	58	0
03:52	10	22	40	0
03:53	7	34	56	0
03:54	16	28	52	0
03:55	15	29	53	0
03:56	13	23	44	0
03:57	12	20	45	0
03:58	10	26	48	4
03:59	13	30	57	4
04:00	16	27	62	10
04:01	14	21	55	8
04:02	14	26	42	4
04:03	10	20	53	0
04:04	10	23	36	2
04:05	17	19	63	4
04:06	15	27	44	6
04:07	10	22	38	8
04:08	15	16	39	10
04:09	13	22	39	10
04:10	12	26	52	8
04:11	13	22	56	2
04:12	10	29	55	4
04:13	22	19	49	4
04:14	9	31	62	2
04:15	14	24	48	0
04:16	12	30	54	0
04:17	14	23	51	4
04:18	8	21	41	4
04:19	13	15	31	2
04:20	16	21	41	0
04:21	12	31	68	2
04:22	13	14	32	8
04:23	7	28	36	12
04:24	16	16	45	12
04:25	12	25	56	16
04:26	7	18	36	14
04:27	17	20	48	10
04:28	7	22	43	4
04:29	11	21	44	2
04:30	7	23	36	0
04:31	15	15	45	0
04:32	11	23	45	0
04:33	13	25	44	2
04:34	10	19	41	2
04:35	17	18	41	4
04:36	11	26	49	2
04:37	10	24	51	0
04:38	14	16	36	0
04:39	18	25	50	0
04:40	7	18	32	0
04:41	8	24	43	0
04:42	13	12	28	0
04:43	18	24	52	4
04:44	14	28	49	10
04:45	12	19	37	18
04:46	16	17	50	16
04:47	10	20	37	4
04:48	14	21	51	4
04:49	7	22	43	4
04:50	16	20	43	0
04:51	9	28	43	0
04:52	6	13	25	0
04:53	9	18	28	4
04:54	6	23	41	4
04:55	10	19	42	8
04:56	16	17	38	12
04:57	11	18	30	10
04:58	7	17	34	2
04:59	11	15	32	0
05:00	6	18	40	0
05:01	9	14	30	0
05:02	16	24	48	2
05:03	12	21	47	4
05:04	9	21	40	4
05:05	11	20	45	4
05:06	11	19	40	4
05:07	11	18	41	6
05:08	12	23	47	4
05:09	8	31	59	4
05:10	8	10	22	6
05:11	8	16	28	8
05:12	14	17	41	4
05:13	13	27	48	0
05:14	7	20	49	0
05:15	6	15	28	0
05:16	7	15	36	0
05:17	11	15	37	2
05:18	8	21	43	4
05:19	7	22	44	4
05:20	7	17	34	0
05:21	12	11	30	0
05:22	9	19	44	0
05:23	10	20	35	0
05:24	10	23	46	0
05:25	8	14	30	0
05:26	15	13	42	0
05:27	10	23	37	0
05:28	10	35	57	0
05:29	9	15	34	0
05:30	9	14	29	2
05:31	5	12	25	8
05:32	7	15	29	8
05:33	9	20	35	2
05:34	6	18	27	4
05:35	8	16	25	4
05:36	6	24	35	2
05:37	9	14	28	0
05:38	14	18	41	0
05:39	8	20	32	0
05:40	8	15	31	0
05:41	7	36	69	2
05:42	14	22	40	6
05:43	12	21	48	14
05:44	7	16	25	12
05:45	9	11	19	6
05:46	7	16	26	0
05:47	9	6	28	0
05:48	13	9	35	0
05:49	10	17	31	0
05:50	9	14	35	0
05:51	5	12	23	4
05:52	9	12	26	4
05:53	5	16	28	2
05:54	4	16	25	0
05:55	4	14	20	0
05:56	6	10	28	0
05:57	5	11	23	0
05:58	7	8	28	0
05:59	13	13	31	0
06:00	9	14	30	0
06:01	5	15	32	0
06:02	9	9	19	0
06:03	6	13	25	0
06:04	9	12	32	0
06:05	6	15	36	0
06:06	9	8	20	0
06:07	6	14	23	0
06:08	11	18	47	0
06:09	10	9	33	0
06:10	11	14	31	0
06:11	6	9	21	0
06:12	8	13	36	0
06:13	7	10	23	0
06:14	6	12	23	0
06:15	6	10	26	0
06:16	10	10	26	0
06:17	11	12	26	0
06:18	4	12	24	0
06:19	16	15	45	0
06:20	8	15	27	4
06:21	9	11	29	4
06:22	6	10	19	2
06:23	12	12	28	0
06:24	9	24	50	0
06:25	9	20	32	0
06:26	8	10	25	0
06:27	5	17	27	0
06:28	10	12	29	0
06:29	7	17	36	0
06:30	6	16	24	0
06:31	6	13	29	0
06:32	6	11	19	0
06:33	7	11	29	0
06:34	10	16	33	0
06:35	6	18	33	0
06:36	10	16	40	0
06:37	5	19	38	0
06:38	9	11	36	0
06:39	5	16	26	0
06:40	5	12	22	0
06:41	9	14	30	0
06:42	16	11	41	0
06:43	1	14	23	2
06:44	9	14	31	4
06:45	12	8	20	4
06:46	7	14	30	0
06:47	10	16	44	0
06:48	7	15	34	0
06:49	12	15	32	0
06:50	9	17	32	0
06:51	7	13	37	0
06:52	7	10	27	0
06:53	13	12	38	0
06:54	12	22	43	0
06:55	9	8	28	0
06:56	9	10	26	0
06:57	13	11	31	0
06:58	11	21	39	0
06:59	17	17	55	0
07:00	6	17	32	0
07:01	13	12	34	0
07:02	19	23	60	0
07:03	12	16	38	0
07:04	13	14	39	0
07:05	19	21	53	0
07:06	12	28	64	0
07:07	8	16	39	0
07:08	9	18	45	0
07:09	14	18	42	0
07:10	16	17	46	0
07:11	17	22	55	0
07:12	14	16	43	4
07:13	14	21	40	4
07:14	15	20	49	2
07:15	17	18	57	0
07:16	13	11	34	0
07:17	14	24	45	0
07:18	14	14	43	0
07:19	20	26	62	0
07:20	13	33	68	0
07:21	14	16	42	0
07:22	15	22	61	0
07:23	18	16	51	0
07:24	12	30	60	0
07:25	7	17	36	0
07:26	14	14	34	0
07:27	14	21	44	0
07:28	11	22	48	0
07:29	12	20	44	0
07:30	17	21	51	0
07:31	14	15	36	6
07:32	7	16	31	8
07:33	16	22	53	6
07:34	15	20	52	2
07:35	17	21	50	4
07:36	10	21	47	4
07:37	17	23	51	0
07:38	12	20	41	0
07:39	8	16	35	0
07:40	14	18	43	0
07:41	12	16	40	0
07:42	9	20	34	0
07:43	17	12	41	2
07:44	9	20	52	8
07:45	7	16	31	8
07:46	8	13	26	2
07:47	10	7	25	0
07:48	11	20	35	0
07:49	11	11	31	0
07:50	10	7	24	0
07:51	12	24	44	0
07:52	8	12	25	0
07:53	12	14	33	0
07:54	7	14	27	0
07:55	9	16	40	0
07:56	6	18	37	0
07:57	11	18	38	0
07:58	8	16	43	0
07:59	10	19	40	0
08:00	19	17	40	0
08:01	15	17	49	0
08:02	13	20	45	6
08:03	14	16	32	8
08:04	14	17	43	6
08:05	14	25	62	0
08:06	13	15	41	0
08:07	11	23	48	0
08:08	11	11	31	0
08:09	10	21	40	0
08:10	13	17	40	0
08:11	9	18	37	2
08:12	11	17	40	6
08:13	13	15	35	8
08:14	10	20	43	4
08:15	12	18	37	2
08:16	9	16	34	8
08:17	7	10	27	8
08:18	9	14	34	2
08:19	6	16	30	0
08:20	12	16	37	0
08:21	7	15	36	0
08:22	12	11	28	0
08:23	10	19	34	0
08:24	17	18	50	0
08:25	9	18	45	0
08:26	12	14	28	0
08:27	8	16	32	0
08:28	15	8	34	0
08:29	16	18	54	0
08:30	10	15	28	0
08:31	9	9	21	4
08:32	11	12	33	4
08:33	14	11	33	2
08:34	7	20	36	0
08:35	7	13	26	0
08:36	9	13	25	0
08:37	10	8	28	0
08:38	13	17	33	0
08:39	7	11	29	0
08:40	18	17	48	0
08:41	10	15	28	0
08:42	10	17	36	0
08:43	10	20	43	0
08:44	10	14	35	0
08:45	9	17	38	0
08:46	11	15	31	0
08:47	12	17	42	0
08:48	7	13	29	4
08:49	7	16	33	4
08:50	7	13	28	2
08:51	3	17	25	0
08:52	4	13	23	0
08:53	6	12	22	0
08:54	6	11	24	0
08:55	7	10	17	0
08:56	5	20	27	4
08:57	8	14	32	4
08:58	7	14	26	4
08:59	7	15	24	4
09:00	6	9	18	4
09:01	6	11	17	0
09:02	6	10	18	0
09:03	3	7	17	0
09:04	6	9	16	0
09:05	7	11	30	0
09:06	12	10	25	4
09:07	11	14	31	6
09:08	14	13	33	6
09:09	11	10	26	4
09:10	7	10	24	0
09:11	9	14	30	0
09:12	13	18	37	0
09:13	8	10	22	0
09:14	12	12	32	4
09:15	5	17	34	4
09:16	9	7	19	2
09:17	8	10	28	0
09:18	9	10	25	0
09:19	5	7	19	2
09:20	6	12	16	4
09:21	4	7	16	4
09:22	9	9	24	0
09:23	6	13	27	0
09:24	7	12	23	0
09:25	8	12	28	0
09:26	6	8	17	0
09:27	11	12	23	0
09:28	10	14	31	4
09:29	4	6	12	4
09:30	4	8	21	2
09:31	9	6	20	0
09:32	5	8	15	0
09:33	11	11	30	0
09:34	4	9	16	0
09:35	5	7	20	0
09:36	12	6	19	0
09:37	13	12	29	0
09:38	4	12	20	0
09:39	9	11	25	0
09:40	7	8	18	0
09:41	6	13	25	4
09:42	5	12	21	4
09:43	3	9	17	6
09:44	10	6	26	4
09:45	8	11	28	4
09:46	8	10	19	4
09:47	9	11	30	4
09:48	9	8	21	0
09:49	8	10	21	0
09:50	11	4	19	0
09:51	6	12	18	0
09:52	4	8	15	0
09:53	11	14	39	0
09:54	12	10	33	0
09:55	5	12	23	0
09:56	9	13	29	0
09:57	6	14	38	0
09:58	10	9	20	0
09:59	6	9	18	0
10:00	5	15	20	0
10:01	12	11	26	0
10:02	8	12	22	0
10:03	5	7	21	0
10:04	10	16	33	0
10:05	7	11	28	4
10:06	7	13	28	4
10:07	10	12	22	2
10:08	12	9	22	0
10:09	3	8	17	0
10:10	9	8	20	0
10:11	9	15	33	0
10:12	6	10	23	0
10:13	5	9	19	0
10:14	14	3	19	0
10:15	4	15	28	0
10:16	2	12	22	0
10:17	3	7	12	0
10:18	5	8	17	0
10:19	4	5	11	0
10:20	9	10	26	0
10:21	9	12	27	0
10:22	5	7	18	0
10:23	7	8	19	0
10:24	8	10	22	0
10:25	9	2	11	0
10:26	8	16	35	0
10:27	8	14	27	0
10:28	6	10	18	0
10:29	8	9	16	0
10:30	8	11	24	0
10:31	10	10	29	0
10:32	9	8	27	0
10:33	6	11	22	0
10:34	4	8	16	0
10:35	6	7	17	0
10:36	4	10	17	0
10:37	5	3	9	0
10:38	7	7	19	0
10:39	4	11	17	0
10:40	7	13	26	0
10:41	12	5	21	0
10:42	13	13	27	0
10:43	6	17	35	0
10:44	10	10	24	0
10:45	9	12	26	0
10:46	10	19	42	0
10:47	9	8	21	0
10:48	9	8	23	0
10:49	6	9	19	0
10:50	3	8	17	0
10:51	11	7	26	4
10:52	8	12	26	4
10:53	9	10	20	2
10:54	8	9	24	0
10:55	8	10	26	0
10:56	9	13	29	0
10:57	11	11	31	4
10:58	9	16	42	4
10:59	14	11	33	2
11:00	11	15	40	0
11:01	9	22	42	0
11:02	7	13	26	0
11:03	8	12	34	0
11:04	5	16	31	0
11:05	9	8	21	0
11:06	10	9	22	0
11:07	5	14	24	0
11:08	7	12	23	0
11:09	9	11	22	0
11:10	9	12	26	0
11:11	5	8	18	0
11:12	12	11	30	0
11:13	9	12	29	0
11:14	8	13	31	0
11:15	5	11	22	0
11:16	3	10	13	0
11:17	7	11	24	0
11:18	7	10	23	0
11:19	14	11	39	0
11:20	12	15	32	0
11:21	8	11	23	0
11:22	12	9	30	0
11:23	6	12	29	0
11:24	13	14	36	0
11:25	11	12	26	0
11:26	2	18	31	0
11:27	13	12	38	0
11:28	9	12	19	0
11:29	9	15	26	0
11:30	9	10	25	0
11:31	9	10	27	0
11:32	10	21	39	0
11:33	15	15	46	0
11:34	14	13	33	0
11:35	5	20	32	0
11:36	10	12	29	0
11:37	6	14	23	0
11:38	12	11	31	2
11:39	11	14	36	4
11:40	7	15	28	4
11:41	11	16	36	6
11:42	8	11	27	10
11:43	13	12	29	14
11:44	13	20	42	8
11:45	8	24	44	2
11:46	14	17	37	2
11:47	6	14	27	4
11:48	16	23	56	4
11:49	12	23	46	0
11:50	11	21	38	0
11:51	16	16	48	0
11:52	7	20	37	0
11:53	14	8	31	0
11:54	12	25	52	0
11:55	8	10	25	0
11:56	17	12	49	0
11:57	14	20	44	0
11:58	11	18	41	0
11:59	7	13	33	0
12:00	13	29	48	0
12:01	15	31	56	4
12:02	13	30	56	4
12:03	9	25	52	4
12:04	11	31	54	6
12:05	14	34	62	12
12:06	10	36	42	8
12:07	14	44	51	2
12:08	11	45	62	2
12:09	8	47	83	4
12:10	14	39	64	4
12:11	13	43	64	2
12:12	11	41	73	4
12:13	8	49	63	14
12:14	12	51	54	16
12:15	14	55	75	14
12:16	6	55	61	8
12:17	17	56	76	14
12:18	15	46	81	16
12:19	17	33	73	16
12:20	19	50	74	10
12:21	12	52	72	10
12:22	20	57	102	4
12:23	11	55	71	2
12:24	7	40	59	8
12:25	8	48	70	10
12:26	19	45	78	8
12:27	17	73	87	6
12:28	13	60	98	10
12:29	11	56	87	14
12:30	16	43	75	14
12:31	11	60	79	8
12:32	14	81	66	2
12:33	9	73	92	0
12:34	9	55	94	4
12:35	12	53	92	8
12:36	13	52	78	6
12:37	19	43	84	6
12:38	13	64	79	4
12:39	14	66	95	2
12:40	11	57	72	0
12:41	14	69	97	0
12:42	15	50	89	12
12:43	18	57	65	12
12:44	11	60	90	8
12:45	15	45	77	12
12:46	22	64	78	20
12:47	15	74	95	28
12:48	23	79	107	22
12:49	10	64	72	8
12:50	20	52	77	4
12:51	20	61	89	12
12:52	19	73	73	8
12:53	15	79	101	4
12:54	24	62	100	0
12:55	14	61	97	0
12:56	16	63	89	0
12:57	21	60	102	0
12:58	12	61	81	2
12:59	25	65	120	8
13:00	14	53	79	14
13:01	14	80	65	14
13:02	14	67	58	14
13:03	16	101	73	6
13:04	10	105	67	4
13:05	16	77	80	4
13:06	17	66	81	4
13:07	14	90	72	0
13:08	15	86	60	2
13:09	16	86	85	12
13:10	13	94	64	12
13:11	12	92	76	8
13:12	12	90	58	8
13:13	17	81	53	6
13:14	10	73	57	8
13:15	21	96	68	8
13:16	14	92	69	12
13:17	9	90	86	16
13:18	15	77	96	18
13:19	15	58	84	8
13:20	19	75	78	10
13:21	15	81	86	12
13:22	12	67	61	12
13:23	18	84	76	10
13:24	17	73	105	12
13:25	19	49	89	8
13:26	24	65	96	6
13:27	21	80	102	4
13:28	18	71	88	6
13:29	15	78	107	8
13:30	16	71	125	8
13:31	19	93	74	6
13:32	15	100	77	8
13:33	14	85	64	8
13:34	19	119	87	6
13:35	19	106	86	6
13:36	15	92	77	8
13:37	21	98	74	4
13:38	16	104	72	8
13:39	12	94	74	22
13:40	14	87	101	30
13:41	18	65	99	20
13:42	18	76	95	16
13:43	15	70	100	14
13:44	16	63	75	12
13:45	22	92	107	14
13:46	16	120	81	26
13:47	16	99	85	24
13:48	23	86	85	16
13:49	17	102	123	12
13:50	19	77	90	12
13:51	22	67	90	4
13:52	23	74	89	4
13:53	18	97	95	8
13:54	16	100	93	12
13:55	21	98	102	14
13:56	14	90	107	16
13:57	10	61	59	14
13:58	13	68	55	10
13:59	15	65	60	8
14:00	16	95	72	18
14:01	16	104	69	18
14:02	19	96	110	16
14:03	17	79	106	16
14:04	15	90	95	12
14:05	16	88	125	6
14:06	20	77	99	12
14:07	21	77	94	16
14:08	24	84	126	8
14:09	20	83	107	6
14:10	21	99	103	10
14:11	19	88	94	16
14:12	24	75	121	24
14:13	17	80	96	26
14:14	18	37	76	16
14:15	26	65	114	12
14:16	13	64	102	10
14:17	18	73	99	8
14:18	10	77	101	10
14:19	16	61	84	12
14:20	16	45	79	18
14:21	17	39	71	16
14:22	23	64	104	14
14:23	23	59	125	14
14:24	18	76	100	8
14:25	22	61	90	8
14:26	28	66	117	8
14:27	17	56	108	16
14:28	32	56	108	16
14:29	23	60	101	14
14:30	18	50	87	18
14:31	17	55	87	24
14:32	16	50	78	16
14:33	19	48	99	2
14:34	22	55	106	0
14:35	16	48	84	6
14:36	22	47	101	14
14:37	24	64	101	16
14:38	16	55	97	4
14:39	25	49	94	4
14:40	26	60	104	8
14:41	14	56	91	12
14:42	17	53	80	10
14:43	21	69	102	8
14:44	16	56	101	8
14:45	24	48	89	16
14:46	21	73	105	18
14:47	21	58	98	18
14:48	23	44	98	12
14:49	22	62	106	8
14:50	21	60	101	8
14:51	12	45	77	0
14:52	22	68	120	6
14:53	19	49	95	10
14:54	25	49	88	12
14:55	24	72	113	12
14:56	30	48	112	16
14:57	18	64	125	14
14:58	25	54	111	18
14:59	24	42	104	16
15:00	23	52	111	6
15:01	23	59	99	2
15:02	24	60	102	8
15:03	28	80	117	14
15:04	22	80	108	14
15:05	23	68	124	14
15:06	33	66	118	16
15:07	21	78	104	16
15:08	17	71	92	18
15:09	30	61	98	16
15:10	21	96	115	12
15:11	21	85	95	8
15:12	21	91	111	12
15:13	17	88	121	12
15:14	19	82	115	12
15:15	30	66	106	6
15:16	14	86	106	14
15:17	19	83	76	14
15:18	18	98	112	12
15:19	24	76	128	22
15:20	26	98	127	28
15:21	21	86	98	22
15:22	17	96	100	8
15:23	22	106	94	4
15:24	23	116	137	4
15:25	12	92	115	10
15:26	23	94	86	16
15:27	24	95	98	14
15:28	24	110	131	6
15:29	34	84	152	8
15:30	21	108	150	12
15:31	16	88	90	22
15:32	21	95	94	14
15:33	17	98	123	16
15:34	23	107	133	12
15:35	23	75	152	14
15:36	26	67	113	12
15:37	23	96	96	6
15:38	27	87	125	2
15:39	20	85	116	0
15:40	18	86	139	6
15:41	23	67	136	12
15:42	25	60	134	16
15:43	27	76	124	12
15:44	33	98	154	6
15:45	29	126	158	4
15:46	22	101	128	14
15:47	23	117	120	16
15:48	23	91	106	26
15:49	21	91	168	24
15:50	26	65	123	14
15:51	26	100	124	0
15:52	14	95	103	6
15:53	27	70	157	12
15:54	19	127	116	18
15:55	21	94	135	12
15:56	23	69	135	2
15:57	25	81	112	0
15:58	24	97	127	4
15:59	20	87	95	6
16:00	24	100	103	16
16:01	27	117	89	20
16:02	30	119	130	12
16:03	20	124	122	2
16:04	29	94	125	6
16:05	33	113	124	10
16:06	34	127	117	16
16:07	32	117	111	14
16:08	25	126	182	10
16:09	25	59	130	6
16:10	35	82	108	8
16:11	33	70	128	16
16:12	17	70	116	10
16:13	30	88	95	8
16:14	18	110	115	16
16:15	26	89	100	18
16:16	28	76	132	10
16:17	28	80	116	8
16:18	34	106	121	12
16:19	27	99	118	14
16:20	20	105	126	6
16:21	22	105	121	2
16:22	22	80	93	12
16:23	28	88	151	20
16:24	36	63	126	26
16:25	27	71	101	22
16:26	31	77	136	18
16:27	22	50	107	14
16:28	29	74	110	6
16:29	26	95	147	4
16:30	21	90	82	8
16:31	28	85	115	12
16:32	25	73	108	14
16:33	24	93	123	8
16:34	30	86	101	8
16:35	37	89	129	4
16:36	30	91	110	4
16:37	22	94	121	6
16:38	32	72	112	10
16:39	25	83	106	18
16:40	23	90	108	16
16:41	26	100	119	12
16:42	27	94	140	12
16:43	27	66	83	14
16:44	20	94	125	12
16:45	31	78	116	12
16:46	30	87	111	8
16:47	20	96	96	8
16:48	22	103	87	12
16:49	22	88	138	14
16:50	31	69	126	18
16:51	25	77	110	12
16:52	33	88	137	6
16:53	31	96	150	10
16:54	29	84	127	22
16:55	33	104	129	22
16:56	23	60	90	14
16:57	26	95	114	8
16:58	33	82	151	4
16:59	28	95	136	8
17:00	21	88	98	16
17:01	31	94	116	32
17:02	34	123	119	26
17:03	31	87	136	22
17:04	23	106	118	18
17:05	21	68	105	22
17:06	35	93	141	18
17:07	26	80	125	14
17:08	29	95	135	14
17:09	39	73	142	10
17:10	28	85	132	14
17:11	44	67	169	20
17:12	40	75	151	18
17:13	32	83	154	6
17:14	28	96	125	6
17:15	29	102	152	4
17:16	27	82	158	14
17:17	38	85	168	18
17:18	35	72	143	18
17:19	25	81	131	22
17:20	26	97	115	26
17:21	32	98	134	16
17:22	29	105	144	8
17:23	23	87	115	0
17:24	29	65	104	10
17:25	28	84	129	16
17:26	31	92	125	12
17:27	32	80	122	2
17:28	37	100	145	0
17:29	23	93	104	4
17:30	36	98	148	12
17:31	36	91	146	14
17:32	37	80	116	18
17:33	30	100	136	12
17:34	35	73	132	20
17:35	27	88	146	16
17:36	31	73	151	12
17:37	29	78	120	16
17:38	39	74	106	20
17:39	36	92	133	24
17:40	36	110	166	18
17:41	30	92	145	14
17:42	34	94	149	2
17:43	32	84	151	6
17:44	23	89	138	16
17:45	31	69	124	16
17:46	23	124	135	12
17:47	28	105	138	12
17:48	40	104	161	22
17:49	40	97	138	24
17:50	22	106	111	14
17:51	38	84	125	8
17:52	24	122	139	8
17:53	27	95	116	12
17:54	26	109	146	8
17:55	22	93	95	2
17:56	26	100	136	14
17:57	34	89	139	20
17:58	21	87	106	12
17:59	20	87	122	20
18:00	40	113	133	32
18:01	20	126	129	28
18:02	38	110	126	14
18:03	30	100	130	6
18:04	27	111	145	6
18:05	39	108	137	8
18:06	26	84	108	10
18:07	29	103	132	16
18:08	37	126	123	18
18:09	31	105	131	16
18:10	23	87	88	6
18:11	25	105	130	6
18:12	24	105	98	8
18:13	36	80	87	16
18:14	27	109	101	14
18:15	27	84	112	12
18:16	32	113	121	12
18:17	24	77	94	16
18:18	33	79	101	8
18:19	23	94	106	10
18:20	33	103	113	12
18:21	33	90	105	8
18:22	27	78	127	10
18:23	30	82	102	8
18:24	31	99	99	6
18:25	26	90	103	4
18:26	33	94	121	10
18:27	40	88	102	12
18:28	39	96	121	16
18:29	28	103	140	18
18:30	32	108	140	16
18:31	32	102	119	8
18:32	37	116	127	4
18:33	29	81	142	4
18:34	40	115	125	4
18:35	26	109	120	4
18:36	30	97	113	4
18:37	32	115	132	6
18:38	44	101	132	6
18:39	30	112	125	10
18:40	36	119	137	8
18:41	40	98	114	8
18:42	38	119	132	12
18:43	42	120	164	14
18:44	31	104	116	6
18:45	30	99	119	2
18:46	40	91	114	4
18:47	38	108	135	4
18:48	40	111	148	6
18:49	30	97	138	14
18:50	29	93	97	16
18:51	37	87	109	8
18:52	23	92	123	6
18:53	39	97	135	10
18:54	22	113	113	22
18:55	36	111	105	20
18:56	30	138	115	14
18:57	31	120	122	8
18:58	29	121	136	14
18:59	31	107	130	18
19:00	41	128	134	12
19:01	38	125	132	10
19:02	28	126	125	8
19:03	32	114	120	4
19:04	38	124	150	6
19:05	24	125	128	16
19:06	34	94	119	16
19:07	24	106	94	8
19:08	31	107	107	6
19:09	30	123	145	10
19:10	39	109	135	12
19:11	24	119	110	8
19:12	20	115	109	6
19:13	31	114	112	8
19:14	22	133	116	4
19:15	25	118	103	6
19:16	37	117	132	8
19:17	24	117	121	6
19:18	30	104	164	6
19:19	27	105	112	8
19:20	30	106	120	16
19:21	16	90	85	8
19:22	28	86	118	8
19:23	21	122	109	4
19:24	24	97	63	6
19:25	34	117	112	12
19:26	23	119	113	16
19:27	23	126	100	12
19:28	21	115	76	8
19:29	31	111	101	8
19:30	23	120	92	16
19:31	43	105	144	10
19:32	23	94	127	4
19:33	26	96	119	2
19:34	34	102	121	4
19:35	36	113	109	4
19:36	30	115	98	6
19:37	25	115	98	8
19:38	28	110	100	8
19:39	22	116	82	4
19:40	27	111	94	8
19:41	24	103	98	12
19:42	26	99	117	16
19:43	28	103	122	18
19:44	33	98	110	20
19:45	33	85	104	16
19:46	37	86	121	6
19:47	15	95	86	12
19:48	35	95	130	14
19:49	29	90	111	8
19:50	29	101	147	16
19:51	28	111	106	14
19:52	30	133	112	18
19:53	31	121	111	22
19:54	16	107	93	22
19:55	34	98	107	24
19:56	23	135	125	20
19:57	22	93	91	16
19:58	21	86	92	8
19:59	37	94	104	14
20:00	24	89	107	12
20:01	36	89	125	8
20:02	22	84	90	4
20:03	23	79	89	8
20:04	35	106	145	14
20:05	37	99	135	20
20:06	31	118	105	24
20:07	22	117	108	20
20:08	27	140	108	12
20:09	24	100	96	12
20:10	28	93	120	24
20:11	31	99	108	24
20:12	32	94	101	18
20:13	26	97	133	8
20:14	35	100	113	10
20:15	27	101	110	18
20:16	23	135	122	20
20:17	19	111	107	18
20:18	39	120	139	14
20:19	34	80	134	16
20:20	30	102	128	10
20:21	33	104	158	8
20:22	28	94	132	10
20:23	26	125	133	16
20:24	24	130	133	18
20:25	33	119	132	18
20:26	24	122	117	14
20:27	27	115	98	6
20:28	33	124	131	6
20:29	22	120	132	6
20:30	22	129	120	10
20:31	22	115	88	12
20:32	27	114	97	16
20:33	27	118	99	6
20:34	26	128	147	6
20:35	40	88	143	4
20:36	33	120	141	0
20:37	23	96	94	0
20:38	24	111	109	4
20:39	23	119	87	16
20:40	33	140	123	26
20:41	25	133	102	22
20:42	33	104	112	14
20:43	30	115	137	20
20:44	20	116	102	28
20:45	31	95	83	26
20:46	27	95	110	26
20:47	23	103	123	24
20:48	27	75	96	16
20:49	31	87	119	12
20:50	37	104	154	10
20:51	35	130	172	6
20:52	40	99	162	10
20:53	25	85	149	16
20:54	31	94	128	18
20:55	17	101	102	14
20:56	32	116	135	10
20:57	34	129	169	8
20:58	28	98	160	4
20:59	28	103	121	10
21:00	29	100	106	18
21:01	21	110	106	16
21:02	29	112	149	16
21:03	18	110	97	14
21:04	16	109	109	16
21:05	24	106	94	12
21:06	29	110	115	12
21:07	37	119	107	12
21:08	36	140	129	10
21:09	31	111	134	12
21:10	25	109	89	10
21:11	35	106	132	12
21:12	29	121	108	12
21:13	29	97	81	6
21:14	24	130	112	6
21:15	34	102	141	8
21:16	24	84	105	12
21:17	35	110	132	12
21:18	24	89	95	10
21:19	32	95	92	6
21:20	28	106	107	12
21:21	34	128	132	12
21:22	27	100	130	6
21:23	28	89	130	8
21:24	30	96	112	12
21:25	17	91	103	10
21:26	25	91	90	12
21:27	36	115	110	12
21:28	29	112	117	12
21:29	33	105	115	10
21:30	22	101	104	10
21:31	34	94	119	8
21:32	26	71	87	12
21:33	39	114	121	16
21:34	29	109	104	16
21:35	32	110	128	4
21:36	22	98	87	8
21:37	34	95	116	14
21:38	32	108	117	12
21:39	27	102	125	10
21:40	25	100	134	2
21:41	22	56	72	4
21:42	29	91	42	4
21:43	27	96	75	8
21:44	27	94	264	10
21:45	26	98	135	10
21:46	33	88	123	12
21:47	33	88	115	12
21:48	33	96	171	10
21:49	34	98	130	8
21:50	32	112	120	4
21:51	27	101	123	12
21:52	35	129	130	12
21:53	20	138	98	12
21:54	26	139	145	10
21:55	35	88	135	12
21:56	25	122	107	10
21:57	34	108	133	10
21:58	26	115	100	12
21:59	33	87	133	12
22:00	25	123	121	8
22:01	40	107	115	8
22:02	35	122	123	12
22:03	30	100	114	12
22:04	26	121	107	8
22:05	29	134	130	6
22:06	29	131	102	10
22:07	38	110	121	16
22:08	28	136	112	10
22:09	30	107	95	6
22:10	35	93	122	8
22:11	23	91	135	12
22:12	35	93	112	18
22:13	26	103	118	14
22:14	36	119	115	4
22:15	28	101	97	4
22:16	34	132	107	4
22:17	29	125	102	10
22:18	27	98	142	22
22:19	30	99	126	20
22:20	41	132	156	10
22:21	26	108	102	8
22:22	25	87	100	8
22:23	27	122	108	4
22:24	22	125	84	8
22:25	16	84	104	14
22:26	37	99	138	20
22:27	20	103	111	20
22:28	31	103	112	18
22:29	39	93	135	12
22:30	30	118	161	14
22:31	30	115	129	20
22:32	37	124	135	22
22:33	24	101	111	14
22:34	27	96	87	12
22:35	31	130	126	22
22:36	26	120	143	24
22:37	23	74	48	6
22:38	27	113	0	2
22:39	25	97	308	12
22:40	29	103	103	18
22:41	27	124	140	22
22:42	29	114	125	20
22:43	35	101	116	16
22:44	31	100	126	14
22:45	25	89	105	4
22:46	30	113	139	8
22:47	22	123	108	12
22:48	23	111	105	12
22:49	37	105	107	8
22:50	31	108	103	20
22:51	40	105	126	30
22:52	29	104	152	20
22:53	30	122	140	8
22:54	29	103	109	6
22:55	35	111	122	6
22:56	25	126	123	12
22:57	31	132	135	10
22:58	28	107	122	8
22:59	23	97	121	6
23:00	31	88	108	4
23:01	26	105	115	4
23:02	24	109	100	2
23:03	33	126	138	10
23:04	24	121	128	20
23:05	38	117	97	16
23:06	22	102	100	2
23:07	22	119	107	4
23:08	29	131	131	8
23:09	27	108	104	14
23:10	23	128	152	16
23:11	28	110	126	6
23:12	17	108	108	4
23:13	34	84	109	8
23:14	26	109	105	16
23:15	40	109	129	10
23:16	31	100	150	10
23:17	26	121	127	16
23:18	37	139	130	26
23:19	22	168	112	18
23:20	27	137	108	12
23:21	31	123	111	8
23:22	35	111	132	8
23:23	36	126	116	8
23:24	12	120	91	12
23:25	31	86	87	14
23:26	37	118	120	16
23:27	29	122	106	4
23:28	39	124	113	4
23:29	33	77	102	4
23:30	28	83	113	6
23:31	33	102	103	8
23:32	27	110	127	14
23:33	27	88	112	14
23:34	28	102	98	20
23:35	31	133	98	24
23:36	27	104	109	14
23:37	22	87	85	4
23:38	31	98	109	4
23:39	26	89	91	4
23:40	27	77	100	2
23:41	23	92	96	0
23:42	38	106	114	8
23:43	38	93	127	12
23:44	22	103	90	10
23:45	18	88	97	4
23:46	22	80	91	8
23:47	38	105	100	10
23:48	21	106	109	10
23:49	23	85	93	8
23:50	33	121	111	4
23:51	35	103	109	12
23:52	19	107	95	16
23:53	31	89	95	12
23:54	26	89	106	4
23:55	29	86	96	8
23:56	27	87	85	8
23:57	31	112	106	6
23:58	20	100	116	2
23:59	24	89	96	6
